-0.05902569
0.06178936
-0.06564699
-0.0014274158
0.05430065
-0.06154187
-0.03525174
0.021752568
-0.073389344
-0.04155094
-0.00017984385
-0.0196898
0.0024509414
0.00043736873
-0.087577626
-0.08268087
-0.046235394
-0.017109375
0.027703784
-0.012410023
-0.12833692
-0.006981207
0.09182675
-0.015559539
0.0055745183
0.065277174
-0.020042377
-0.031596195
-0.021788215
-0.027569735
-0.038254164
0.00022860341
-0.026382945
0.025345717
-0.010214365
-0.04009822
-0.04299044
-0.019870881
0.0215472
0.0068515562
-0.041338414
0.006062459
-0.025077969
-0.019397013
0.014118292
0.013309366
-0.035759717
0.010379876
-0.23366164
-0.0050478512
-0.0029636968
-0.04749897
0.012262031
-0.017329887
-0.12450398
-0.0078669125
-0.016200759
-0.00031510284
-0.027584204
-0.014814021
-0.012604883
0.00171357
-0.05400194
-0.020976733
0.005165233
0.049256083
-0.009707998
-0.06828859
0.073631845
-0.042583726
-0.026847577
-0.007526883
-0.21737261
-0.0039040104
0.025987886
-0.047424614
-0.0008477197
-0.0466763
0.027297135
-0.051625904
-0.04829147
0.015615904
-0.036380816
0.026576048
-0.0048815985
-0.11327674
-0.0051435237
-0.035092853
-0.0122968145
-0.019126633
-0.011904577
-0.14063738
-0.037301347
0.01557679
-0.2970943
-0.0055016847
-0.13005877
-0.0436221
-0.03831461
-0.026008582
-0.08723343
-0.044985384
0.00846009
-0.13276964
-0.032867927
-0.03472149
-0.06606303
0.05734784
0.059426893
-0.016546728
0.05096656
0.005294437
-0.040268634
-0.046459083
-0.006838659
0.04052263
0.051522102
-0.080971144
0.021802906
-0.014139328
-0.019048465
-0.07221504
0.011185194
-0.0058133896
-0.00094005483
-0.0015520072
-0.04877257
0.020552132
0.00015541767
-0.20462173
-0.008960424
-0.019470163
-0.0039505544
0.030234978
-0.06339858
0.028849354
0.025354763
-0.043073136
-0.024742331
-0.038318895
-0.024501067
-0.01582928
-0.12578264
-0.012828576
0.014176335
0.07953277
0.040666673
0.045367457
0.043530475
-0.029422529
0.007481163
0.09348049
-0.04399467
-0.08845076
0.030760238
0.0006018936
0.019430278
0.026886193
-0.042196494
-0.057454385
-0.0069965576
0.02488576
-0.050275642
-0.023253096
-0.03324786
-0.07030595
-0.058704197
0.01397695
-0.018424166
0.012469383
0.004531184
-0.059409447
0.059175286
-0.0046052784
-0.017400483
-0.015505651
-0.04232965
-0.023455862
0.032819044
0.005596606
-0.019968227
-0.026401976
0.025712827
-0.0027460887
0.018248016
-0.006627711
-0.034696374
-0.26769322
-0.14888197
0.024702715
-0.21670426
-0.06931787
-0.23706758
-0.027425237
0.02385244
-0.2283152
0.04227707
-0.0063284775
-0.06489196
-0.2439185
0.041945506
-0.014980499
-0.03488143
-0.25808004
0.058935177
0.0043832297
-0.015797064
-0.032884333
0.002678555
-0.056361068
0.040946566
-0.06055084
-0.012427951
0.016759299
0.028297242
-0.011724422
0.016427739
0.0036396727
-0.22963451
0.028780207
-0.009493566
-0.023309762
-0.03852539
-0.07278546
-0.006417356
-0.0353408
-0.0069875834
-0.040920947
0.0019373737
-0.055913728
-0.013303694
-0.0877501
-0.002656793
0.03233184
0.074172944
-0.12145084
-0.0021759812
-0.0021631948
0.020702414
-0.06397743
-0.039463643
-0.0281813
-0.18947722
-0.085246325
-0.078530475
0.081346124
-0.025953086
-0.014434907
0.043395393
0.022775413
-0.036638007
-0.059413258
-0.02744725
0.036093198
0.07534094
0.003934536
