0.110041365
-0.08379919
0.09737742
-0.052190248
-0.07547879
-0.023088593
-0.0762303
0.058944266
-0.011303384
0.090571776
0.10252239
0.06996001
0.0024708058
0.079073355
0.11963828
-0.09926541
0.0716181
0.119166195
0.055717044
-0.095871784
-0.034280024
-0.06971944
0.035169043
-0.06913991
0.095054075
0.12697062
-0.06568744
0.14948693
0.09495884
-0.06514706
-0.059826322
0.1045533
0.097842924
-0.04782087
-0.08884061
0.05215696
0.020692391
0.13334171
0.07189716
-0.054237496
-0.097919874
-0.09707418
-0.10211667
0.1012926
0.02247692
0.085701525
-0.076639
-0.069300964
0.0676462
0.09452623
-0.082329296
-0.068395115
-0.029289357
-0.08885258
0.14504921
0.07288278
-0.08303966
-0.05866624
0.02127003
0.03128714
-0.033199955
0.11168569
-0.054368433
-0.020396087
0.12252805
0.09712732
-0.075303786
-0.08755952
-0.061653648
0.09844227
-0.12918727
0.059108723
-0.034187216
0.0848709
-0.089966916
-0.011582727
0.06630015
-0.04029528
-0.1269285
-0.081718095
0.09537316
-0.011169564
0.047760677
-0.05020199
-0.03312275
-0.09606379
0.10561696
-0.04675895
-0.08082793
0.10262588
-0.08960871
0.087294236
-0.10001683
-0.051796995
0.13741998
-0.044599764
0.0654707
-0.08846018
-0.044039566
0.12886588
-0.07510703
0.08061611
0.01275466
-0.04123291
-0.080751695
-0.09116463
0.11573152
0.09381473
0.09600849
-0.091107994
0.10069571
-0.05963916
0.10275369
0.10895859
-0.052176297
0.035612013
-0.027253177
0.062994674
0.10100864
-0.07979363
-0.025021374
0.1200348
0.038596485
-0.039044775
0.08994393
-0.057864852
0.13962764
0.0030124956
-0.041664872
0.046614904
-0.07912076
0.08412684
0.08803074
0.13743456
-0.08335228
-0.039902467
-0.12444644
0.02705949
0.067946516
0.09765495
-0.046967734
-0.09684934
0.12917504
-0.07114137
0.027123284
-0.08077701
0.10269388
-0.09914377
-0.05335052
0.15374012
-0.054594
-0.10398064
0.10968306
0.096705705
-0.11482446
-0.056346722
0.05488451
0.09336647
0.11474893
-0.04155546
-0.058019124
0.118119955
0.046233848
0.038075767
0.015206558
-0.071487226
-0.05329466
-0.019881407
-0.064493686
0.07628131
-0.034614723
-0.1539239
-0.06737545
0.11301186
-0.068432406
0.09133038
0.064227104
-0.06304418
0.11605196
0.123934574
-0.049110927
0.10713105
0.084898904
0.07250703
0.025750754
0.1219153
0.116621405
0.09130292
0.07752365
0.106193244
-0.052955423
0.022101313
-0.06911372
0.14297597
-0.039986268
0.028690508
-0.073602855
0.06043722
0.12854883
-0.089130364
-0.076428875
-0.09062364
0.10391373
0.08598776
-0.00506522
0.11179278
-0.06290792
-0.067795455
-0.13613121
0.13540518
0.09314798
0.12948734
0.14692983
-0.07485243
0.061664958
-0.07436134
0.0075624026
-0.015074375
-0.097318895
-0.12799884
-0.038332127
-0.027928427
-0.07327522
-0.010152047
-0.06837819
-0.075803414
0.18139455
-0.09858662
-0.114957735
-0.0114024775
-0.093095385
0.020784644
0.105553396
0.067039944
-0.03194399
0.0781174
-0.042945456
0.015453583
0.0768264
-0.061077382
-0.037497565
0.12022681
0.00038117642
-0.05535437
0.033749253
-0.08521415
-0.10988415
0.036017574
-0.1005264
-0.06912895
0.07623074
-0.055400304
0.09949703
-0.04684017
0.082596004
-0.094411604
-0.05727884
0.15680693
0.117144495
0.116041765
0.06829758
0.05682583
0.059672512
-0.040683966
0.03488248
0.033315517
-0.03938235
-0.11960871
-0.056477148
-0.10912848
0.118866935
-0.053701077
0.12076025
-0.084701926
0.097388856
0.12433153
0.059685875
-0.055014487
-0.119783305
-0.06230307
-0.0921525
0.11637761
-0.06299767
0.040478002
0.097462244
-0.030512014
-0.121404044
0.0368338
0.101596266
0.06333654
-0.047741517
-0.09353839
0.10071885
-0.06749017
0.12884647
-0.046151437
0.10309718
-0.07443939
-0.058626037
-0.04473663
0.08748681
0.13189292
-0.008664664
-0.075181164
-0.022356957
0.087852605
0.057088498
-0.073890135
0.08574791
-0.08300854
0.17846869
0.1084199
0.11571889
-0.06620114
-0.06398431
-0.06368665
0.15336186
-0.016659288
0.032938447
0.09730394
0.09894828
0.14002737
-0.042413138
-0.04010449
0.09933827
-0.058756847
0.10542869
-0.05987004
-0.02184524
0.120641395
0.10284179
-0.038437646
-0.0070912326
-0.05883865
0.0084083695
0.083815955
0.10201392
0.036624055
0.11884
0.008567062
-0.0700647
0.08389729
-0.056812946
-0.027389051
0.00976673
-0.033109475
0.079251744
-0.030236224
0.08119647
-0.015749624
0.1742566
0.10369597
-0.09079133
0.03400466
-0.081611246
0.07677758
0.08873153
0.11810283
0.04727766
0.01697161
-0.040440403
-0.048103135
-0.07980806
-0.043570817
-0.09522865
0.1331519
-0.100322895
-0.021831123
-0.07469729
-0.08555678
0.10071892
-0.0046595302
-0.00086305424
0.07079347
-0.002172408
-0.083085194
0.05358621
-0.034605302
0.05631541
-0.07516712
0.08977481
-0.08199719
-0.013282943
0.09330394
0.093430854
0.11751117
0.096502684
-0.024769932
-0.037839346
-0.08696419
0.09460514
-0.07965802
0.1243447
-0.046797276
0.05122929
-0.03720952
-0.022476766
-0.10807773
0.047383152
-0.06294618
0.08152896
0.06528774
0.017277103
0.11111786
-0.07922231
-0.0397873
0.13244873
-0.05367213
0.101726994
-0.08537166
-0.080559306
0.113756545
-0.07005252
-0.050371997
-0.016866868
0.057055015
0.12315577
0.119031645
0.13509691
0.10222176
0.11194618
-0.03998404
0.09510604
-0.033579584
-0.07591198
-0.02844613
-0.09033351
-0.045772903
0.1410234
0.06680937
0.07083998
-0.070648946
-0.0833876
-0.0252142
-0.100967705
0.048127383
0.117459096
-0.038615294
0.08302296
-0.056674343
-0.027557192
-0.035362314
0.072319135
0.10694216
0.09352019
-0.065289326
-0.037682574
0.1482827
0.13062614
-0.046609744
-0.012294602
-0.03677509
0.06706226
0.10393256
0.12296701
0.019980364
-0.119111106
-0.045381047
0.09388843
0.05751827
0.13558266
0.08066511
0.031600848
0.024684282
0.07708617
-0.06338206
0.08878809
0.11327756
-0.097388595
0.06974746
-0.0994103
-0.048073284
-0.08676332
-0.070854105
0.018250577
-0.07329254
-0.047577754
0.16548105
-0.039963514
-0.05698484
0.0072596967
-0.06983695
0.12417195
-0.033695366
0.14020993
-0.039550703
0.021361617
-0.0758412
0.0040924926
0.080672055
-0.14219134
-0.0720644
-0.0017561504
-0.07949459
0.14063668
0.120153084
0.10210945
0.1330397
0.106476955
-0.060604475
-0.06548443
-0.07225007
0.037310995
-0.030690871
0.09956604
-0.0765495
0.11587663
0.0699468
0.0068005705
0.059265316
0.08720955
0.0009491178
