0.01462583103948974
0.0026082421479749554
0.0039270971121649
0.002671924539541641
0.06650907197711552
0.037141686294751855
0.020293686397579506
0.04280742329286529
0.07238523334235614
0.078709428496416
0.076076562394939
1.271438611185515e-10
1.271438611185515e-10
0.0051883821273115294
0.009072805202944388
0.04444916002840061
0.08835019517309291
0.04371624618224027
0.016931772511908492
0.00774213377024722
0.01059837565478017
0.039296458142178754
0.08313258513988098
0.03623884307826901
0.02043258393755092
0.09744894176867774
0.14680378333844607
0.9550299003989444
1.3712939765140146
0.744975358691585
0.3306591295786019
0.12661253477422243
0.15071771731012734
0.7797198249227003
1.0462922873070188
0.6058583296358468
0.2867482430756064
0.013229870669077761
0.0027061425563332073
0.004083919681928046
0.0027491561467605065
0.06712947540412818
0.03807257494991309
0.021306706686366386
0.04395840751140824
0.0749766915139269
0.0809116955375047
0.0759817476374566
1.271438611185515e-10
1.271438611185515e-10
0.00529992303697909
0.009268744324401928
0.04440335231188986
0.0871599722054329
0.04357150526107426
0.01738205175873218
0.007945162753967446
0.010822913683649252
0.03911919453953926
0.08195756316207278
0.036124018362561294
0.020935502104133075
0.09958689846412626
0.15023916273082624
0.9579250279598407
1.3805250255202486
0.7506895900530426
0.337562070385192
0.13006167217149367
0.15460279715276953
0.7827157161287854
1.0538109663393007
0.6101659694993516
0.292727102074596
0.011831763424663076
0.002809163424228624
0.0042493061971520165
0.002831699196879288
0.06777341064737381
0.039031151913734116
0.022398052841039937
0.04514623957301082
0.07768157223501303
0.08322103207062295
0.07588503544131298
1.271438611185515e-10
1.271438611185515e-10
0.00541654024197044
0.009475549497714288
0.04436356671892048
0.0859865893967053
0.04343927678694349
0.01785430033199323
0.0081584212625161
0.01105897449158321
0.03894784255950001
0.08079801527105868
0.036017768242366716
0.02145732135257973
0.10184805938605249
0.15384702861859006
0.9609151442755791
1.3900061728470974
0.7565856138775137
0.344721100263386
0.13366561185084452
0.15868696068778268
0.7858243514012854
1.0614955724405184
0.6146044847807142
0.29897536665084057
0.010431746313480166
0.002917562079812099
0.004423707143007434
0.0029199652989632323
0.06844135052589041
0.040017198291800844
0.02357359579846627
0.04637868739394285
0.08051225046855606
0.08563490933265669
0.0757864170484658
1.271438611185515e-10
1.271438611185515e-10
0.005538527637972866
0.009693836522993634
0.04433011616343206
0.08483119213695586
0.043320186426208225
0.018349469121893176
0.00838244806167634
0.011307191261183033
0.0387827983109995
0.0796547653108062
0.03592046718328128
0.021998886396320694
0.10424203968969062
0.15763204462141675
0.9640067156725681
1.399732685039482
0.7626571379441512
0.3521371617916239
0.1374251170744385
0.1629661142714305
0.7890504766603216
1.0693373278907023
0.619171538909293
0.3054904374201282
0.00903010773002316
0.00303161084432856
0.004607591877348608
0.0030143901953310634
0.06913373916182003
0.04103047472813088
0.024839568962823428
0.04766222419362943
0.08347992810927056
0.0881500468565335
0.07568588725022159
1.271438611185515e-10
1.271438611185515e-10
0.005666198554658746
0.009924250093073753
0.044303330823002716
0.08369497824426807
0.04321487743502125
0.018868534721552113
0.008617794571834324
0.011568223144740203
0.03862448313462645
0.07852867602640648
0.03583250942203541
0.022561072035017365
0.10677183402002557
0.1615982096246137
0.9672038602242583
1.4096974519169694
0.7688971748730881
0.35981528742694485
0.1413394630099638
0.16743558651977297
0.7923977538217661
1.0773347967032987
0.6238646260346098
0.3122746057506363
0.0076271437377763845
0.003151599998059231
0.0048014470458781966
0.0031154375118915044
0.06985097355945416
0.04207054082888611
0.026202431969934627
0.049003464353711626
0.0865936732414015
0.09076841483991352
0.07558344480239461
1.271438611185515e-10
1.271438611185515e-10
0.005799889828152648
0.010167460535001404
0.044283551084127605
0.0825791478170574
0.04312399167786486
0.01941250555128534
0.008865023486403487
0.011842750884275496
0.038473331352403335
0.07742058668102757
0.03575429058443024
0.023144788401375325
0.10944014623591784
0.16574980326113709
0.9705118933149081
1.419897973363477
0.775298920031928
0.36775846371536913
0.14540519430714133
0.17209269299784918
0.795869654132843
1.085490468062689
0.6286826049513534
0.31933407620613374
0.006223241439483942
0.003277841118892548
0.005005777100434569
0.0032235965799989265
0.07059347098603766
0.04313701481713675
0.02766890115185556
0.05040865549254399
0.08986365411192751
0.093489535365891
0.07547909090279088
1.271438611185515e-10
1.271438611185515e-10
0.005939955732573718
0.010424165452178148
0.04427113980432144
0.08148499713210403
0.043048192285021256
0.01998241324611446
0.00912470507564804
0.01213147676596876
0.038329809080811975
0.07633141555549464
0.03568623356428129
0.023750975433311627
0.11224485151568604
0.17009303951657545
0.9739340273156277
1.4303240340518322
0.7818571554022321
0.37596936595815217
0.14961810314959625
0.17693693056293086
0.7994693033844109
1.0938030136118762
0.6336254143498424
0.3266689697568042
0.004818767487847563
0.0034106683568315295
0.0052211059672742375
0.003339382441952841
0.0713616582028117
0.044229150801660386
0.02924632265535973
0.051883458421863114
0.09329973315754918
0.09631186713123274
0.07537281692474689
1.271438611185515e-10
1.271438611185515e-10
0.006086771155983169
0.010695089899028112
0.044266464126340624
0.08041376888960089
0.0429881198053268
0.020579287289662872
0.009397411566685892
0.012435124384365788
0.03819438277997718
0.07526202088273466
0.035628751280739994
0.02438059223150421
0.11518451338102487
0.17463321915798838
0.9774731921715271
1.4409669711999307
0.7885690730338929
0.3844425397044518
0.1539745786646191
0.18196754458351075
0.8031983321321581
1.1022745706570944
0.6386927071987877
0.3342787679278968
0.003414163534182471
0.003550442191291948
0.005447976807285184
0.003463338678896677
0.07215602993937789
0.04534620674832422
0.030941930114557672
0.053435664420580335
0.09691179884507445
0.0992381619987121
0.07526462626063211
1.271438611185515e-10
1.271438611185515e-10
0.006240726661690894
0.010980983399504185
0.044269910798452695
0.0793667791226885
0.04294442515982557
0.02120416842360179
0.009683709070011133
0.01275443318890059
0.038067544943159316
0.07421332745860118
0.03558227081088368
0.025034616779035693
0.11825791328526346
0.17937501483291746
0.9811313594997176
1.4518160585107094
0.7954283496131709
0.39318365933966853
0.15846546418218166
0.18718214974301545
0.8070581924106736
1.110904321726513
0.6438799791697162
0.3421647607950805
0.002010327734685748
0.0036975501653648286
0.005686952484051784
0.0035960391830543404
0.07297727005809307
0.046487825308493685
0.03276197021047145
0.05506906129681528
0.10070791955907117
0.10226897311650959
0.07515454779837873
1.271438611185515e-10
1.271438611185515e-10
0.006402217422581199
0.011282623227185876
0.044281945692771815
0.07834584926623996
0.042917899617789614
0.021858062485981863
0.009984141005551863
0.013090155090100659
0.037949910322683834
0.07318677192668453
0.03554734359327027
0.025714028949398768
0.12146007359508332
0.18431712837829178
0.984908423391908
1.4628463654460544
0.8024316363703672
0.4021690183708735
0.1630747001316313
0.19256883691950702
0.8110467828449897
1.119680885912874
0.6491804174409347
0.35031665996167005
0.018281608574648084
0.07399869928683094
0.12076041802702958
0.07970147891542483
0.0760026355843099
0.04752957793686263
0.018307153428913772
0.06019452344489713
0.11512076865661472
0.07466864511501113
0.08366387588901196
0.0465381917040953
0.018322445573572335
0.07420620239914652
0.12092933410999848
0.07975226831007211
0.07617923274133204
0.047642080758093175
0.018348973169084033
0.06033811463840983
0.11527333741962417
0.07476306209605696
0.08380171648572857
0.046630356609216404
0.01836376327224853
0.07441786549008511
0.12109907975757268
0.07980355647785238
0.07635810466434279
0.04775647329901263
0.018391498524601896
0.06048485149486798
0.11542659700853856
0.07486050229683042
0.08394009106641223
0.046724242179491
0.018405624048595626
0.07463428842058704
0.12126942052847425
0.0798550723644661
0.07653961233490313
0.047872983509573135
0.018434661826393074
0.06063487405659206
0.11558067996172178
0.07496131598292757
0.08407939207960279
0.04682001482508623
0.018448023171506928
0.07485519499065511
0.12144014186921719
0.07990712971513889
0.07672380521035824
0.04799136774935801
0.018478524488505153
0.06078821486387036
0.11573561770170142
0.07506535934088919
0.08421969878109963
0.04691799947013741
0.018491034722229165
0.07508092922887664
0.12161135865430461
0.07995972515371225
0.0769107674957335
0.04811171958983157
0.018523127397380806
0.06094495612376954
0.11589154876789112
0.07517254646715871
0.08436134960447374
0.0470180148502814
0.018534636275065595
0.07531186035496609
0.12178336092334362
0.0800128389311007
0.07710055262874296
0.04823407924132253
0.018568362317972566
0.06110480444838435
0.11604854700801705
0.07528293903177151
0.08450450198369641
0.0471203357218742
0.0185789713228625
0.07554777570572893
0.1219560275922826
0.08006662184862692
0.07729344673575798
0.0483583376644569
0.018614215779032335
0.06126798812376258
0.11620663287792209
0.0753968675039214
0.08464941602644373
0.047225037612208504
0.018624141454440288
0.07578877530452696
0.12212965147827465
0.0801210486157417
0.07748948453324671
0.048484522542012284
0.018660725932968737
0.061434568603354126
0.11636590959185754
0.07551423218111523
0.08479591873936652
0.0473320580395648
