0.8585005451690281
-0.0014386262842493792
-0.009344613875999004
-0.01599748820484382
0.206655990761605
0.026409067906427747
-0.028552422315049057
-0.0020720814114361177
0.02632408013670826
-0.0005787135339757714
0.38191272584036023
0.0
0.0
0.0031220216765121267
0.0023063292459533915
-0.3597188333288455
0.9661531169028523
-0.5229620032550203
-0.02849302484586412
-0.004386730556919631
-0.053200391514252966
-0.44791679874658397
0.9739263863158524
-0.4756202846207964
0.05862718607651049
-0.004901605760738813
-0.030976896115248172
-0.00042957793325454244
0.046580905897369566
-0.02303711386706435
0.003083735582322284
0.01903109532401477
-0.04350910219594954
-0.014150936002540054
0.053483047687988124
-0.0354538244650457
0.053138941566800955
0.8599962443534733
-0.0014486220592557831
-0.0091652507362932
-0.016011717340362414
0.2072013544284779
0.026847420159414305
-0.029685340534378414
-0.0019939887262539384
0.027380993887173227
-0.00041304559907228295
0.38288145204564217
0.0
0.0
0.003091002313993007
0.002129278640144706
-0.36049046648350963
0.9682343505745514
-0.5240273211422857
-0.0285447442884972
-0.0042290186949131515
-0.05356883798785416
-0.4488122400533989
0.9760775967419332
-0.476786418154469
0.05906630075095049
-0.005073896892266778
-0.03172780641242166
-0.0007250392100470223
0.046092477350701024
-0.023063719051969394
0.0029818155371827454
0.019510693715673016
-0.04433213142266745
-0.014391484869066239
0.05343145682657589
-0.036278702763161315
0.053494989156242775
0.8614836741781645
-0.0014579755527308442
-0.00897773032625029
-0.0160246633393553
0.20775127514417763
0.027291765730595392
-0.03086794887873493
-0.0019174260494074266
0.028478028450109407
-0.0002431905354400229
0.3838504034954611
0.0
0.0
0.0030585722404787674
0.0019460893303987594
-0.36126460887566425
0.9703119493294052
-0.5250930140103306
-0.028597273669731124
-0.004067459825868433
-0.05394394135075233
-0.4497098009201496
0.9782286987167873
-0.47795940022095157
0.05950820382973727
-0.005255729158188556
-0.03250283126497432
-0.0010190399515451812
0.04555909823628038
-0.0230782265855779
0.0028822757513714717
0.01999079755851142
-0.04516286975744426
-0.014637353047286904
0.053340484985530505
-0.03711072802470865
0.0538326082173667
0.8629625335937599
-0.0014667085245910385
-0.008781756380892222
-0.016036264593116693
0.20830584015561876
0.027741939426591228
-0.03210180077516946
-0.0018444502824860557
0.029615196888475942
-6.972939203823192e-05
0.3848196231239672
0.0
0.0
0.003024648791493669
0.001756573023014917
-0.3620412840502648
0.9723856446599612
-0.5261590251867502
-0.028650587500751508
-0.003902051971134696
-0.0543257528767123
-0.4506095695248204
0.9803794624522214
-0.4791393305112109
0.05995275199498577
-0.005448558619872268
-0.03330125392756984
-0.0013098503978004785
0.04498077809868877
-0.023079607349362825
0.002786731221723277
0.02047057586151615
-0.04599885291899211
-0.01488928953155853
0.05320904294048151
-0.03794906944431569
0.05415272706096233
0.8644324741615177
-0.0014748564469515778
-0.008577029837704062
-0.016046459449936875
0.20886510699404573
0.028197734503232673
-0.03338861157229796
-0.001776618968712122
0.030792661397401947
0.00010645097042169013
0.3857891121551692
0.0
0.0
0.002989135348133059
0.00156054498621734
-0.3628204849165591
0.9744551284315529
-0.5272252746652907
-0.028704656043913382
-0.003732804450521668
-0.05471430563017702
-0.4515116245522075
0.9825296091649509
-0.4803262859611928
0.06039980588980362
-0.00565407863973885
-0.034122909031901134
-0.0015957558785546925
0.04435693558151412
-0.0230670608159507
0.002695333598094981
0.020949112861550115
-0.04683804903244938
-0.015147893690297731
0.053035176886799124
-0.038793235331854116
0.05445530636352709
0.8658931526446657
-0.0014824629719823045
-0.008363252422551
-0.016055187155499785
0.2094290915244967
0.02865900257898092
-0.03472975423757165
-0.0017152079347071247
0.03201078275215159
0.00028485845343473055
0.38675892944822815
0.0
0.0
0.0029519194774141133
0.0013578229401630395
-0.3636021981758421
0.9765200992467029
-0.5282916823420762
-0.02875945064294503
-0.003559729508002687
-0.055109621811936696
-0.4524160537365448
0.9846788562673181
-0.4815203495923558
0.06084922645314676
-0.005874756620624593
-0.034967652122893496
-0.0018752241168358832
0.04368680450219197
-0.023039482018844315
0.0026074702156258555
0.02142601001677175
-0.04767993829678328
-0.015413520552221378
0.05281670321631548
-0.03964336576776324
0.05474049758617355
0.8673441356713789
-0.0014895769014842987
-0.008140122880228464
-0.016062388859835134
0.20999794294438343
0.0291256010758553
-0.0361267573980794
-0.00166113420224575
0.033269936577324785
0.00046481593160700035
0.3877290682891033
0.0
0.0
0.002912865335409596
0.0011482178865073092
-0.3643863596741135
0.9785801723422454
-0.5293581169937203
-0.02881494849571464
-0.003382838857467526
-0.0555117229644858
-0.453322915815431
0.9868268267211613
-0.48272156758077034
0.06130087628460245
-0.006113264690711796
-0.03583615069362716
-0.0021459171077236987
0.04296897631381357
-0.02299555453358301
0.002522618940160484
0.021901391368803536
-0.0485242132940862
-0.015687063127161838
0.05255141020142295
-0.040500153599146375
0.05500831430980145
0.8687850356614506
-0.0014962502783079695
-0.007907340899769136
-0.016068007422187332
0.21057161197309762
0.029597416591559993
-0.03758105533662137
-0.0016152302742178186
0.03457048409721758
0.0006453906182910821
0.3886995372396435
0.0
0.0
0.0028718200399643692
0.0009315415376907635
-0.3651729059536632
0.9806349961852934
-0.5304244613036921
-0.028871131211721413
-0.003202150598519066
-0.05592062911632311
-0.45423229911697754
0.9889731792554411
-0.4839300135794866
0.06175461628933384
-0.006371370807960825
-0.036728495067954475
-0.0024056752676376645
0.042201977514542334
-0.022934301731054832
0.002440242905785362
0.022373826105374403
-0.049371356801849405
-0.015969960844028835
0.05223831582574509
-0.0413639907429131
0.05525880115869434
0.8702154043235237
-0.0015025337143856714
-0.0076646043915474926
-0.016071988084389883
0.21115015410755866
0.030074232185570045
-0.03909384001939842
-0.0015776972591173785
0.035912903231024376
0.0008256307773823134
0.3896703359295964
0.0
0.0
0.002828619816552517
0.0007076053833815092
-0.3659617085383475
0.9826841057292669
-0.5314905405068096
-0.028927978052802828
-0.0030177008913440523
-0.056336365803540206
-0.455144256366405
0.9911174628690915
-0.4851457196610345
0.062210306303860166
-0.006650265749687689
-0.03764419507086846
-0.0026522278100320627
0.04138412259367007
-0.022854298167581093
0.002360751073108301
0.022840895570839858
-0.050222831117110914
-0.01626332854554398
0.05187605095614552
-0.0422360981396565
0.05549244226375696
0.871634279969242
-0.0015084776579657258
-0.007411608004073256
-0.01607428037974579
0.21173375581832451
0.03055603065650018
-0.04066599148910434
-0.0015493505851193118
0.03729790525205174
0.0010038994061123806
0.3906411673531348
0.0
0.0
0.0027830914992683915
0.0004762186572526674
-0.3667524007877436
0.9847265651814715
-0.5325559160257507
-0.028985410327505654
-0.0028295575887120894
-0.056758992383619984
-0.4560586152455381
0.9932587441483157
-0.4863684667083778
0.06266781367812067
-0.006951974623130454
-0.03858049330903107
-0.0028845641253549964
0.040517748288870115
-0.022754857023920955
0.0022916740862975703
0.02329770580480837
-0.05108479070464039
-0.016567036283968172
0.0514644029291152
-0.04311593763362606
0.05571050607130647
-0.02327882589180891
0.0663639346629232
-0.06500924276778211
-0.239963375934382
0.044574784750346555
-0.02174160512250606
0.016370564584209372
-0.06143913351837712
-0.055425105372091055
-0.21206418365131505
0.02776998364842047
-0.03820539436427144
-0.023312711012240098
0.06642317304979507
-0.06516831718932466
-0.24049414716347073
0.04472457539732702
-0.021796175863934102
0.016412299293784377
-0.0614740922910863
-0.05550091755214094
-0.2124192798393101
0.027761314585855273
-0.03826629142305801
-0.02334799799045937
0.06648015808048975
-0.06532249289809462
-0.2410275023758341
0.04487586112932527
-0.021849423808425663
0.01645451533731975
-0.06150802898333277
-0.05558049271612429
-0.212778006433922
0.027747485031097467
-0.038327385521493916
-0.023384789824197814
0.06653480859844678
-0.06547147446521086
-0.24156307055605944
0.045029136332683635
-0.02190212122953446
0.016497124296060334
-0.06154169308912383
-0.055663283824153774
-0.21314062241163614
0.02772819826746595
-0.038388574646521297
-0.023423598930658828
0.06658693383637156
-0.06561476365135682
-0.24210173490945514
0.04518448268695674
-0.021953962713727362
0.016540145259091952
-0.06157483114905263
-0.05574972516650546
-0.21350672874802779
0.02770309250402053
-0.03845028680277132
-0.023464031195895164
0.0666361005543652
-0.06575245420089058
-0.24264331837388764
0.04534178579785176
-0.02200490090523105
0.016583881703032894
-0.0616080263761698
-0.055839665193645825
-0.2138766986256989
0.027671925172591302
-0.03851242043106211
-0.023506054650406366
0.06668261264539213
-0.0658849342315643
-0.24318774626993303
0.04550117569513766
-0.02205505243639517
0.016627620879302113
-0.06164184426669923
-0.05593301203947401
-0.21424994103120726
0.027634739466818516
-0.03857505980620747
-0.023549745368757848
0.06672579943249024
-0.06601241919353901
-0.24373519422767545
0.04566300447975997
-0.02210462575360643
0.016670996413638395
-0.061676648967319475
-0.05602972026763458
-0.21462703606457229
0.027591427501177764
-0.03863738962079319
-0.02359524337491096
0.06676561488119032
-0.06613523669976522
-0.24428534902641283
0.04582660346578408
-0.022153733878378806
0.01671455546962677
-0.061712411938831646
-0.056129511002993834
-0.21500761973770774
0.027542330753790808
-0.03869945880670676
