1.846448890864849091e-02
-8.173407986760139465e-03
2.826031669974327087e-02
-1.938914321362972260e-02
2.447161125019192696e-03
-1.890872977674007416e-02
-7.407635916024446487e-03
3.713104128837585449e-02
5.474458914250135422e-03
-3.131771460175514221e-02
-1.421714946627616882e-02
2.843528985977172852e-02
-2.402314357459545135e-02
1.279926486313343048e-02
-3.357365354895591736e-02
2.899746783077716827e-02
-5.288728326559066772e-02
1.628936082124710083e-02
2.126514352858066559e-02
1.237083692103624344e-02
-5.762175656855106354e-03
1.959558390080928802e-02
-7.372174412012100220e-03
-1.671354845166206360e-02
-4.273395612835884094e-02
2.659677062183618546e-03
1.185704488307237625e-03
-5.609021987766027451e-03
-8.452312089502811432e-03
-6.174948532134294510e-03
4.376660659909248352e-02
-3.641558112576603889e-03
-1.648816280066967010e-03
1.791474036872386932e-02
-1.271573547273874283e-02
9.287050925195217133e-03
1.382364425808191299e-02
1.172535959631204605e-02
1.734060235321521759e-03
1.093051955103874207e-02
-5.532932002097368240e-03
-2.195536717772483826e-02
-5.394298210740089417e-02
-1.187962386757135391e-02
1.892155967652797699e-02
8.152025751769542694e-03
1.007547229528427124e-02
3.871867060661315918e-02
-1.406973577104508877e-03
-2.495027147233486176e-02
-4.041153192520141602e-02
5.409019440412521362e-02
-3.966929018497467041e-02
2.769271656870841980e-02
2.507651038467884064e-02
6.207310035824775696e-02
-7.150126621127128601e-03
-8.851230144500732422e-03
-3.043358772993087769e-02
-9.420776739716529846e-03
2.107752673327922821e-02
-2.481041662395000458e-02
5.041042715311050415e-02
7.358136773109436035e-02
2.178704366087913513e-02
-3.826886788010597229e-02
1.624991931021213531e-02
2.934012189507484436e-02
-3.428775584325194359e-03
6.637807469815015793e-03
-2.204775065183639526e-02
-3.642353788018226624e-02
2.667035907506942749e-02
3.057950176298618317e-03
-3.459308063611388206e-03
2.084022946655750275e-02
-1.084958761930465698e-02
-6.450565531849861145e-03
-9.813725948333740234e-03
3.554732725024223328e-02
-1.405896339565515518e-02
3.877358976751565933e-03
1.258192863315343857e-02
6.682274397462606430e-03
1.053665671497583389e-02
3.523732349276542664e-02
6.371241062879562378e-03
-1.345293875783681870e-02
4.452467709779739380e-02
9.686548262834548950e-03
-1.324511785060167313e-02
-1.550590712577104568e-02
1.685174554586410522e-02
2.780080400407314301e-02
8.353012055158615112e-02
3.518839180469512939e-02
-1.185781788080930710e-02
1.930706202983856201e-02
7.808461319655179977e-03
-1.062553282827138901e-02
-6.242143455892801285e-03
4.136475920677185059e-02
2.010335400700569153e-02
-2.163788303732872009e-02
-1.372381951659917831e-02
-1.935424283146858215e-02
-1.240445114672183990e-02
-1.438120752573013306e-02
5.702585726976394653e-02
3.445717692375183105e-02
2.470137737691402435e-02
3.324000909924507141e-02
4.640798084437847137e-03
1.469430699944496155e-02
-2.669969759881496429e-02
2.396470401436090469e-03
-6.909486372023820877e-03
-2.161278761923313141e-02
2.197275683283805847e-02
1.185031980276107788e-02
-1.925001665949821472e-02
-1.441050600260496140e-02
-3.893002867698669434e-03
1.141759287565946579e-02
1.707083918154239655e-02
-1.092805154621601105e-02
-1.432718150317668915e-02
-1.252273004502058029e-02
-1.788173802196979523e-02
-1.798085495829582214e-02
-3.649547323584556580e-02
3.699125722050666809e-02
1.944890245795249939e-02
4.314879328012466431e-02
3.091706708073616028e-02
4.146202281117439270e-02
-1.159902755171060562e-02
-4.435214505065232515e-04
-2.323795482516288757e-02
7.552938535809516907e-03
2.081417292356491089e-02
4.103973507881164551e-02
7.505416870117187500e-02
1.141295675188302994e-02
5.118394643068313599e-02
-2.033568173646926880e-02
-2.529754117131233215e-02
2.485911361873149872e-02
4.674565792083740234e-02
3.263204917311668396e-02
-1.508861780166625977e-02
2.262533456087112427e-02
4.244088381528854370e-02
4.550701379776000977e-02
-1.934205647557973862e-03
-2.257220074534416199e-02
-3.772344067692756653e-02
2.063659019768238068e-02
1.788700371980667114e-02
-4.320447333157062531e-03
-1.891169510781764984e-02
-4.822974093258380890e-03
1.611119136214256287e-02
-1.526301447302103043e-02
-2.287091314792633057e-02
8.002276718616485596e-02
4.663345217704772949e-02
5.987376905977725983e-03
-1.816545426845550537e-02
-1.395279425196349621e-03
3.838194301351904869e-03
1.295586489140987396e-02
2.546173147857189178e-02
-3.565741702914237976e-02
4.240918159484863281e-02
-5.679904483258724213e-03
2.950109355151653290e-02
2.452948316931724548e-02
-1.978684449568390846e-03
-1.621138118207454681e-02
1.819555461406707764e-02
9.516653604805469513e-03
-6.434652954339981079e-03
1.791942864656448364e-02
4.037629812955856323e-02
2.897636219859123230e-02
-1.405556569807231426e-03
4.761477559804916382e-02
-8.367727510631084442e-03
-1.655194908380508423e-02
2.342107892036437988e-02
-5.627053178614005446e-05
3.305661678314208984e-02
-3.113214857876300812e-02
2.245108038187026978e-02
2.944890223443508148e-02
2.445376291871070862e-02
1.209751330316066742e-02
-1.230301614850759506e-02
1.711007952690124512e-02
2.100416645407676697e-02
-1.160508207976818085e-02
-3.750918665900826454e-03
2.354222349822521210e-02
-1.426015049219131470e-02
-1.551580987870693207e-02
2.691910602152347565e-02
-1.489063259214162827e-02
4.262831434607505798e-02
1.768091879785060883e-02
4.882790893316268921e-02
-5.391914863139390945e-03
-3.460200736299157143e-03
2.780466154217720032e-02
-4.967520944774150848e-03
9.833995252847671509e-03
1.021136995404958725e-02
4.000130295753479004e-02
6.396951526403427124e-02
1.255374960601329803e-02
2.992227859795093536e-02
3.862578421831130981e-02
-3.238600492477416992e-02
1.118061970919370651e-02
3.763841092586517334e-02
3.319888561964035034e-02
2.025489509105682373e-02
3.030485846102237701e-02
1.324198022484779358e-02
9.551663883030414581e-03
1.326915994286537170e-02
2.970841340720653534e-02
1.067665964365005493e-02
2.078814990818500519e-02
1.142729166895151138e-02
-4.359394684433937073e-02
4.970114678144454956e-02
-3.210677951574325562e-02
-9.134829044342041016e-03
-2.185323042795062065e-03
4.606172442436218262e-02
3.910053148865699768e-02
1.520071737468242645e-02
-3.662816435098648071e-02
8.553766645491123199e-03
5.934098269790410995e-03
4.339637700468301773e-03
-3.082923823967576027e-03
-2.095711417496204376e-02
1.609862782061100006e-02
3.707002848386764526e-02
2.163217402994632721e-02
-2.600725740194320679e-02
8.438268676400184631e-03
3.357074037194252014e-02
-2.004504948854446411e-02
