2.613230943679809570e-01
2.296715229749679565e-01
-1.848022639751434326e-01
2.277316302061080933e-01
2.369237691164016724e-01
1.653572767972946167e-01
2.166197001934051514e-01
-3.451848328113555908e-01
2.486161142587661743e-01
1.357275992631912231e-01
2.444509565830230713e-01
2.244685739278793335e-01
2.832390666007995605e-01
-2.118503749370574951e-01
2.674510478973388672e-01
-1.665138006210327148e-01
-1.974351853132247925e-01
-9.461200982332229614e-02
-1.465499699115753174e-01
1.032703742384910583e-01
5.549258366227149963e-02
-1.881229877471923828e-02
-4.753189161419868469e-02
1.974484026432037354e-01
2.692645788192749023e-01
9.790046513080596924e-02
-3.461047112941741943e-01
2.760540843009948730e-01
-3.391319811344146729e-01
2.036579400300979614e-01
-2.562673687934875488e-01
-1.208999156951904297e-01
1.270130723714828491e-01
2.881762385368347168e-01
1.077318564057350159e-01
-1.484067142009735107e-01
1.111190617084503174e-01
1.826716363430023193e-01
2.374651283025741577e-01
2.835686802864074707e-01
-2.328484952449798584e-01
-3.463116586208343506e-01
-2.144530266523361206e-01
2.656942903995513916e-01
-2.375120669603347778e-01
3.230032920837402344e-01
2.037753313779830933e-01
2.435729652643203735e-01
2.745228111743927002e-01
2.486015409231185913e-01
2.585371732711791992e-01
6.976705044507980347e-02
-8.675666153430938721e-02
1.947674006223678589e-01
1.557099968194961548e-01
2.485950589179992676e-01
-2.537512183189392090e-01
2.332898229360580444e-01
7.706479728221893311e-02
2.257895618677139282e-01
2.645901143550872803e-01
-1.309851408004760742e-01
2.523747980594635010e-01
-2.289534918963909149e-02
1.171253770589828491e-01
2.859469652175903320e-01
2.537336349487304688e-01
1.383554190397262573e-01
1.591103076934814453e-01
1.930372864007949829e-01
2.820783555507659912e-01
1.887205541133880615e-01
2.601105868816375732e-01
1.951857358217239380e-01
2.237819582223892212e-01
-9.442925453186035156e-02
-2.592117190361022949e-01
-2.383532375097274780e-01
1.340180486440658569e-01
-2.209056615829467773e-01
-5.352581292390823364e-02
2.807065844535827637e-01
-1.129691898822784424e-01
1.294496208429336548e-01
2.565443515777587891e-01
2.272788435220718384e-01
2.101450860500335693e-01
-1.445670723915100098e-01
-7.789500802755355835e-02
2.590192854404449463e-01
-9.225620329380035400e-02
2.439635396003723145e-01
-2.727503180503845215e-01
2.906141579151153564e-01
-2.244645208120346069e-01
-1.703653186559677124e-01
9.002587199211120605e-02
1.700632274150848389e-01
-1.938132643699645996e-01
1.816577613353729248e-01
1.469912528991699219e-01
-1.887441575527191162e-01
-4.002674669027328491e-02
1.820302605628967285e-01
2.624323070049285889e-01
1.580112427473068237e-01
1.935371160507202148e-01
2.097421288490295410e-01
-2.089043110609054565e-01
1.552157998085021973e-01
-1.782350391149520874e-01
-1.970212906599044800e-01
1.729413121938705444e-01
4.709619283676147461e-02
-2.476817667484283447e-01
2.033789604902267456e-01
2.811830937862396240e-01
-3.047765195369720459e-01
2.383915185928344727e-01
1.788196861743927002e-01
1.635603010654449463e-01
2.962652444839477539e-01
1.659485399723052979e-01
-3.613060116767883301e-01
1.742556840181350708e-01
2.605027854442596436e-01
2.427117973566055298e-01
1.886643767356872559e-01
2.403643429279327393e-01
1.050545647740364075e-01
-2.512896955013275146e-01
1.331492364406585693e-01
2.128607034683227539e-01
-1.704164892435073853e-01
-2.328494340181350708e-01
2.432619780302047729e-01
3.160775080323219299e-02
-3.679948672652244568e-02
2.917954623699188232e-01
1.614543497562408447e-01
1.767521798610687256e-01
-9.611749649047851562e-02
2.271121740341186523e-01
-2.652147710323333740e-01
-2.330589890480041504e-01
1.765798479318618774e-01
-6.358401477336883545e-02
-8.070507645606994629e-02
2.591136991977691650e-01
-2.086547017097473145e-01
-1.822029203176498413e-01
1.446808278560638428e-01
2.156917303800582886e-01
1.751445680856704712e-01
1.364331506192684174e-02
2.443405687808990479e-01
1.297232955694198608e-01
2.181032449007034302e-01
2.308145910501480103e-01
1.928786188364028931e-01
-2.413523048162460327e-01
1.591781377792358398e-01
-8.695472776889801025e-02
-1.896119862794876099e-01
-2.904254496097564697e-01
-2.274233102798461914e-01
-3.339953422546386719e-01
-4.878090322017669678e-02
-5.556105077266693115e-02
-2.441637217998504639e-01
-2.062113210558891296e-02
2.378119528293609619e-01
-2.604353129863739014e-01
-1.246006637811660767e-01
1.958732604980468750e-01
2.714988887310028076e-01
1.751374900341033936e-01
1.758319735527038574e-01
2.063259780406951904e-01
-1.800598502159118652e-01
-2.923057973384857178e-01
2.039982974529266357e-01
-1.422955691814422607e-01
-2.393296957015991211e-01
-3.310741186141967773e-01
1.959429122507572174e-02
-1.811635643243789673e-01
-8.088278770446777344e-02
-8.925940841436386108e-02
-2.158123999834060669e-01
2.540125250816345215e-01
1.868119239807128906e-01
-1.478685587644577026e-01
2.774305045604705811e-01
-3.202767074108123779e-01
-1.718298047780990601e-01
-7.899118959903717041e-02
2.706999480724334717e-01
-2.693428099155426025e-01
2.307157665491104126e-01
-2.593646347522735596e-01
-2.582403719425201416e-01
2.405847012996673584e-01
5.213185772299766541e-02
2.758428268134593964e-02
1.446131914854049683e-01
1.104465723037719727e-01
-1.429879367351531982e-01
1.733170747756958008e-01
-1.813208758831024170e-01
-2.172910869121551514e-01
2.556580603122711182e-01
2.994348406791687012e-01
-1.239194422960281372e-01
2.587544023990631104e-01
2.224140018224716187e-01
2.102975249290466309e-01
5.011383816599845886e-02
2.508868873119354248e-01
-5.370172858238220215e-02
2.657355964183807373e-01
2.320509105920791626e-01
-2.682759165763854980e-01
1.108176410198211670e-01
-7.703686505556106567e-02
-1.096638664603233337e-01
2.555176019668579102e-01
1.699229031801223755e-01
-2.033685296773910522e-01
1.554205715656280518e-01
1.684673130512237549e-01
-2.744249105453491211e-01
2.666708528995513916e-01
-2.139308452606201172e-01
-2.070659250020980835e-01
2.200323790311813354e-01
2.502397596836090088e-01
1.868822872638702393e-01
-8.660229295492172241e-02
2.234663665294647217e-01
2.598507106304168701e-01
-3.330523073673248291e-01
1.927932798862457275e-01
2.141198366880416870e-01
2.718996703624725342e-01
2.013586610555648804e-01
-3.101287186145782471e-01
-2.334743738174438477e-01
2.367081642150878906e-01
-1.180742010474205017e-01
1.403875350952148438e-01
1.236543282866477966e-01
-2.674069106578826904e-01
1.909087300300598145e-01
-1.408383697271347046e-01
4.780791699886322021e-02
