-1.028300449252128601e-01
2.229235172271728516e-01
-6.702456623315811157e-02
-6.050464883446693420e-02
1.235910281538963318e-01
-2.422141656279563904e-02
-1.897429674863815308e-01
-1.573603451251983643e-01
4.245416074991226196e-02
2.418632656335830688e-01
3.289692103862762451e-01
-1.249603107571601868e-01
2.362491786479949951e-01
2.606640458106994629e-01
2.257333695888519287e-01
2.441885918378829956e-01
-4.743489325046539307e-01
2.677394747734069824e-01
1.477345973253250122e-01
7.806135714054107666e-02
1.706458330154418945e-01
-1.140588447451591492e-01
-2.732414603233337402e-01
1.712794452905654907e-01
-1.379171311855316162e-01
8.383294194936752319e-02
4.950121045112609863e-02
-2.148689180612564087e-01
1.727646291255950928e-01
2.969749867916107178e-01
-1.021782383322715759e-01
-1.225232109427452087e-01
-1.311267465353012085e-01
-1.151318028569221497e-01
-7.484034448862075806e-02
-2.373291403055191040e-01
5.470003932714462280e-03
2.615563571453094482e-01
1.984225660562515259e-01
1.359759829938411713e-02
1.467573642730712891e-01
-2.607968747615814209e-01
-2.651748061180114746e-01
1.134485304355621338e-01
1.951111853122711182e-01
2.790773510932922363e-01
2.442562729120254517e-01
2.543520927429199219e-01
-3.564622625708580017e-02
2.301464974880218506e-01
2.201823890209197998e-01
-4.120495170354843140e-02
2.263457179069519043e-01
6.838501244783401489e-02
2.745126187801361084e-01
-1.237838715314865112e-02
1.830311417579650879e-01
3.500568568706512451e-01
-2.148024439811706543e-01
-1.399546265602111816e-01
1.455496251583099365e-01
2.797548174858093262e-01
2.974473834037780762e-01
1.023291498422622681e-01
-3.144723474979400635e-01
2.478742152452468872e-01
1.142928749322891235e-01
-5.116523429751396179e-02
1.723907887935638428e-01
-4.838635027408599854e-02
1.017113104462623596e-01
-7.123142480850219727e-02
1.867755353450775146e-01
2.455601692199707031e-01
2.882482409477233887e-01
6.160756573081016541e-02
-1.215073540806770325e-01
1.936022005975246429e-02
-5.471878126263618469e-02
2.366068512201309204e-01
6.885762326419353485e-03
-7.763468474149703979e-02
2.004469484090805054e-01
1.518590301275253296e-01
8.085951209068298340e-02
1.935551613569259644e-01
-2.398645430803298950e-01
1.199665367603302002e-01
1.836279034614562988e-01
1.401174217462539673e-01
2.347272783517837524e-01
-1.920359879732131958e-01
2.396775335073471069e-01
-2.443319559097290039e-01
-1.864785254001617432e-01
1.927236914634704590e-01
6.740536540746688843e-02
1.661029458045959473e-01
-1.240096613764762878e-01
1.466957926750183105e-01
4.273999854922294617e-02
2.326448559761047363e-01
-1.334922015666961670e-01
-3.164847493171691895e-01
3.290372490882873535e-01
2.222695946693420410e-01
2.804252319037914276e-02
7.197318226099014282e-02
-1.792798936367034912e-01
-4.833468496799468994e-01
1.556742191314697266e-01
7.591772079467773438e-02
1.102663651108741760e-01
-1.743307113647460938e-01
2.130120545625686646e-01
2.064461708068847656e-01
5.141272395849227905e-02
1.151361018419265747e-01
1.125504523515701294e-01
-3.036274202167987823e-02
2.396599501371383667e-01
1.975830644369125366e-01
-1.746451407670974731e-01
2.112761139869689941e-01
-1.526509225368499756e-01
2.290455847978591919e-01
-1.005838140845298767e-01
1.463890671730041504e-01
-4.972302913665771484e-02
-1.132063642144203186e-01
2.919445931911468506e-01
2.753786742687225342e-01
8.349660784006118774e-02
5.474117398262023926e-02
1.717276871204376221e-01
-1.076543480157852173e-01
-6.039891391992568970e-03
1.735800504684448242e-01
-2.589331865310668945e-01
1.287055909633636475e-01
2.770656906068325043e-02
-7.453647255897521973e-02
-2.332092523574829102e-01
2.020574659109115601e-01
1.629803925752639771e-01
2.474488317966461182e-01
-1.686259210109710693e-01
3.096107244491577148e-01
2.351491004228591919e-01
7.584130764007568359e-02
5.537141487002372742e-02
2.383092045783996582e-01
-1.220056563615798950e-01
-1.056488379836082458e-01
1.212731674313545227e-01
-7.595150917768478394e-02
-2.533563673496246338e-01
1.209583207964897156e-01
-2.261075079441070557e-01
2.819475531578063965e-01
-1.645932793617248535e-01
-1.321572810411453247e-01
2.189999073743820190e-01
-1.718332916498184204e-01
1.589928716421127319e-01
4.540229961276054382e-02
1.754210293292999268e-01
1.997696310281753540e-01
4.682328552007675171e-02
-1.856953948736190796e-01
-1.698875576257705688e-01
2.712491750717163086e-01
1.934119611978530884e-01
-9.705927968025207520e-02
-1.519448608160018921e-01
3.579542785882949829e-02
1.559794098138809204e-01
2.635443769395351410e-02
2.755267918109893799e-01
2.412794679403305054e-01
-2.262111753225326538e-01
1.297298353165388107e-02
1.689352691173553467e-01
-6.801328808069229126e-02
2.473622113466262817e-01
-5.962452664971351624e-02
-7.229862362146377563e-02
4.450361710041761398e-03
-3.359489738941192627e-01
-1.003043204545974731e-01
2.411656379699707031e-01
2.287168949842453003e-01
1.288612037897109985e-01
1.898824274539947510e-01
3.062226250767707825e-02
2.010943591594696045e-01
-2.399696856737136841e-01
-3.370966017246246338e-01
1.760361641645431519e-01
-1.008783727884292603e-01
-1.973369270563125610e-01
-4.840657114982604980e-02
-1.759298592805862427e-01
-2.045519798994064331e-01
2.404742687940597534e-01
-1.505767107009887695e-01
-4.529937170445919037e-03
-2.666826359927654266e-02
1.382575929164886475e-01
-5.095469206571578979e-02
-1.828596144914627075e-01
-1.324112862348556519e-01
7.501307129859924316e-02
1.042479649186134338e-02
2.590088546276092529e-01
-5.534796789288520813e-02
-2.623485624790191650e-01
2.462790161371231079e-01
2.313021123409271240e-01
1.211303696036338806e-01
2.709752023220062256e-01
-7.305134832859039307e-02
1.931850612163543701e-01
-2.021779417991638184e-01
2.235224097967147827e-01
2.235395275056362152e-02
-4.144415631890296936e-02
-2.867143154144287109e-01
-1.876648887991905212e-02
2.829091548919677734e-01
8.774908632040023804e-02
1.147729605436325073e-01
-2.984189242124557495e-02
-1.468330770730972290e-01
1.472774893045425415e-01
-2.895508706569671631e-01
-2.987538576126098633e-01
2.223934084177017212e-01
-2.326859720051288605e-02
1.085092499852180481e-01
-5.109833180904388428e-02
-2.644665539264678955e-01
-1.069381460547447205e-01
2.525219619274139404e-01
2.305120527744293213e-01
-1.347285658121109009e-01
-2.497917860746383667e-01
-2.770257592201232910e-01
-3.353540599346160889e-01
-1.037491038441658020e-01
-1.788977831602096558e-01
2.306650876998901367e-01
5.456112697720527649e-02
-1.236630156636238098e-01
-1.562621444463729858e-01
2.503306567668914795e-01
