6.441026926040649414e-03
-2.196763642132282257e-02
-1.405420340597629547e-02
2.317457273602485657e-02
-2.496248669922351837e-02
6.114939600229263306e-02
7.971100509166717529e-02
7.601949851959943771e-03
-2.652257867157459259e-02
-4.802714101970195770e-03
2.944129891693592072e-02
5.232384800910949707e-02
4.206988960504531860e-02
1.848907954990863800e-02
-7.957416586577892303e-03
4.157290607690811157e-02
4.209787771105766296e-02
4.491996020078659058e-02
-4.034542478621006012e-03
-1.462042052298784256e-02
2.691611647605895996e-02
3.628977388143539429e-02
-1.593323238193988800e-02
9.557647630572319031e-03
1.242299098521471024e-02
3.154812008142471313e-02
-2.735694870352745056e-03
4.289492592215538025e-02
-1.160621363669633865e-02
9.318167716264724731e-02
-1.727540977299213409e-02
-4.488425329327583313e-03
1.413670927286148071e-02
1.912852749228477478e-02
9.197056293487548828e-03
3.183496743440628052e-02
-2.049484476447105408e-02
3.935369849205017090e-02
6.301469355821609497e-02
7.528145611286163330e-02
-2.626117691397666931e-02
-2.741429768502712250e-02
-2.163662575185298920e-02
2.544521354138851166e-03
4.886242747306823730e-02
4.310296103358268738e-02
5.025726184248924255e-02
-3.019538335502147675e-02
-9.820669889450073242e-03
3.939180821180343628e-02
-1.685324124991893768e-02
-3.255794197320938110e-02
2.298254286870360374e-03
-2.646428719162940979e-02
-5.081257969141006470e-02
2.248233882710337639e-03
-1.142080686986446381e-02
5.884953308850526810e-03
3.794631734490394592e-02
-3.590431064367294312e-02
7.310795597732067108e-03
-1.737000979483127594e-02
2.050193957984447479e-02
7.955703884363174438e-02
-8.845268748700618744e-03
4.795562475919723511e-02
6.971693038940429688e-02
-4.266319796442985535e-02
7.305684685707092285e-02
6.311233621090650558e-03
-2.570349164307117462e-02
5.722451955080032349e-02
5.723429098725318909e-02
1.415166351944208145e-02
3.698933497071266174e-02
-9.918944910168647766e-03
3.846921771764755249e-02
5.475681275129318237e-03
-9.109068661928176880e-03
3.093685023486614227e-02
7.091600447893142700e-02
-4.349809139966964722e-02
6.016113236546516418e-02
4.903807304799556732e-03
6.147294491529464722e-02
1.456006709486246109e-02
4.585053026676177979e-02
6.019629165530204773e-02
7.607440464198589325e-03
-1.114094350486993790e-02
7.965184748172760010e-03
-1.734870299696922302e-02
-4.862056300044059753e-02
1.499897520989179611e-02
3.664949908852577209e-02
-1.472105644643306732e-02
-3.813390806317329407e-02
-4.322506114840507507e-02
6.493444088846445084e-03
6.479111965745687485e-03
1.684399321675300598e-03
-3.459218144416809082e-02
1.703858375549316406e-02
6.914466619491577148e-02
7.435811217874288559e-03
1.246337546035647392e-03
-6.565388757735490799e-03
5.613397061824798584e-02
-9.155066800303757191e-04
-2.767871599644422531e-03
2.852345071732997894e-02
-4.440597072243690491e-02
3.900716826319694519e-02
-2.624755911529064178e-02
1.780679635703563690e-02
4.611634835600852966e-02
-1.208212785422801971e-02
4.420774430036544800e-02
8.357065916061401367e-02
6.532244384288787842e-03
-2.089155465364456177e-02
1.787796057760715485e-02
7.006875239312648773e-03
6.251614540815353394e-03
6.619335711002349854e-02
3.887069970369338989e-02
-1.461844611912965775e-02
4.444912448525428772e-02
-5.774621851742267609e-03
1.944612897932529449e-02
-4.773753881454467773e-02
-5.554689466953277588e-02
3.165300562977790833e-02
1.178543362766504288e-02
8.287360891699790955e-03
2.161264047026634216e-02
2.505565620958805084e-02
-2.773656509816646576e-02
2.468639612197875977e-02
-1.029826141893863678e-02
5.274038296192884445e-03
1.484493352472782135e-02
3.318628296256065369e-02
1.861499063670635223e-02
6.214161589741706848e-02
3.138383105397224426e-02
-2.345813065767288208e-02
3.141467645764350891e-02
-8.003669790923595428e-03
2.721771411597728729e-02
-4.600776359438896179e-02
1.376389525830745697e-02
3.760752454400062561e-02
-1.905177161097526550e-02
-4.974878206849098206e-02
4.514957219362258911e-02
1.987265609204769135e-02
-2.429525181651115417e-02
3.331135213375091553e-02
2.167830802500247955e-02
9.735001949593424797e-04
-1.638898067176342010e-02
-4.927324503660202026e-02
-2.690956369042396545e-02
1.468894188292324543e-03
2.300172299146652222e-02
1.903989701531827450e-03
-4.756720736622810364e-02
3.192962333559989929e-02
5.102273076772689819e-03
1.552606839686632156e-02
-7.159606553614139557e-03
3.725747391581535339e-02
-2.597605809569358826e-02
6.307371705770492554e-02
2.051214314997196198e-02
2.389288507401943207e-02
3.488621488213539124e-02
-1.136903371661901474e-02
1.236893818713724613e-03
-1.928122527897357941e-02
5.422983691096305847e-02
5.873357877135276794e-02
6.340093095786869526e-04
5.366947501897811890e-02
4.406923055648803711e-02
5.128280818462371826e-02
-7.490094751119613647e-03
3.761767596006393433e-02
5.325242504477500916e-02
-2.141628600656986237e-02
-2.043748088181018829e-02
1.280189584940671921e-02
1.278777047991752625e-02
-1.514679659157991409e-02
7.953806966543197632e-02
7.853014394640922546e-03
3.760377690196037292e-02
1.790898852050304413e-02
-1.044519897550344467e-02
-5.673443898558616638e-03
5.886308848857879639e-02
2.036286704242229462e-02
-1.303832605481147766e-02
3.625324741005897522e-02
-1.802693679928779602e-02
2.521421201527118683e-02
-6.424358580261468887e-03
2.834622981026768684e-03
8.715090341866016388e-03
3.677111864089965820e-02
3.336272016167640686e-02
2.477031387388706207e-02
1.925827190279960632e-02
2.441772073507308960e-02
-1.160962041467428207e-02
2.594620920717716217e-02
-2.519735135138034821e-02
5.223805457353591919e-02
4.894703254103660583e-02
4.382707178592681885e-02
4.710134118795394897e-02
4.973249044269323349e-03
-1.676569506525993347e-02
4.632366821169853210e-02
2.589692175388336182e-02
1.440296508371829987e-02
-1.511381659656763077e-02
-1.101702451705932617e-02
8.870228193700313568e-03
-6.011316180229187012e-02
2.258397452533245087e-02
2.736079506576061249e-02
1.097954902797937393e-02
4.534763470292091370e-02
4.565672948956489563e-02
3.033569268882274628e-02
1.312974095344543457e-02
1.282765995711088181e-02
-1.107541937381029129e-02
5.141180381178855896e-02
1.129140146076679230e-02
4.499412700533866882e-02
2.917390502989292145e-02
-5.158722866326570511e-03
-1.647864095866680145e-02
3.407295793294906616e-02
-1.081268303096294403e-02
-8.872113190591335297e-03
-3.128456324338912964e-02
2.342761866748332977e-02
-1.893237233161926270e-02
-2.686528861522674561e-02
-5.201559886336326599e-02
-1.514481287449598312e-02
-7.070709019899368286e-03
