3.708666265010833740e-01
3.861044347286224365e-01
-5.488818287849426270e-01
5.505625009536743164e-01
6.169428229331970215e-01
-5.665529966354370117e-01
1.527094244956970215e-01
-5.427690148353576660e-01
-5.383930206298828125e-01
-3.069344460964202881e-01
-2.010957151651382446e-01
2.924067676067352295e-01
5.258031487464904785e-01
5.117151141166687012e-01
4.278079569339752197e-01
-6.058578491210937500e-01
2.267808765172958374e-01
3.534700572490692139e-01
6.244264245033264160e-01
6.379020214080810547e-01
5.758664011955261230e-01
3.868051171302795410e-01
-1.802789568901062012e-01
5.164278149604797363e-01
5.180025696754455566e-01
4.211649298667907715e-01
-5.419065952301025391e-01
-5.066632032394409180e-01
-4.578147530555725098e-01
5.245599150657653809e-01
-4.124336838722229004e-01
-5.864721536636352539e-01
5.792210698127746582e-01
-5.912495255470275879e-01
-4.489101469516754150e-01
3.256595730781555176e-01
-5.934255123138427734e-01
6.255574226379394531e-01
-5.415770411491394043e-01
6.154311895370483398e-01
4.871000051498413086e-01
3.444084227085113525e-01
-3.460547626018524170e-01
-5.651643276214599609e-01
-5.381613969802856445e-01
3.129580020904541016e-01
4.023295640945434570e-01
-5.817825794219970703e-01
4.891082644462585449e-01
3.374815285205841064e-01
4.490022957324981689e-01
-4.133222103118896484e-01
6.110343337059020996e-01
4.688526391983032227e-01
-4.049588739871978760e-01
5.425875782966613770e-01
2.899179756641387939e-01
4.476384520530700684e-01
3.956450819969177246e-01
-4.996661245822906494e-01
4.865334331989288330e-01
5.737683176994323730e-01
4.118829071521759033e-01
3.597128987312316895e-01
5.746077895164489746e-01
5.925804376602172852e-01
3.875618278980255127e-01
-4.632547199726104736e-01
4.155931174755096436e-01
5.092260837554931641e-01
-5.066767334938049316e-01
2.928107678890228271e-01
-2.476078867912292480e-01
5.377114415168762207e-01
-1.570978164672851562e-01
3.558477163314819336e-01
-5.108609199523925781e-01
6.213542819023132324e-01
-5.201193690299987793e-01
5.930865406990051270e-01
3.242398500442504883e-01
6.087279915809631348e-01
5.795695185661315918e-01
-4.834477603435516357e-01
3.007653057575225830e-01
-5.463498234748840332e-01
6.593388915061950684e-01
5.139876604080200195e-01
4.332572817802429199e-01
5.227935910224914551e-01
-3.943380713462829590e-01
5.862280726432800293e-01
-3.976597785949707031e-01
6.199640035629272461e-01
5.564417839050292969e-01
5.332851409912109375e-01
3.224427998065948486e-01
-4.523532390594482422e-01
4.732052683830261230e-01
5.140862464904785156e-01
6.170665025711059570e-01
4.060730636119842529e-01
4.721558988094329834e-01
5.554244518280029297e-01
-4.060111343860626221e-01
-5.418801307678222656e-01
-2.892369031906127930e-01
4.685542881488800049e-01
4.532779753208160400e-01
4.873631298542022705e-01
5.534070730209350586e-01
3.249612450599670410e-01
3.807726502418518066e-01
3.560544252395629883e-01
-4.996174573898315430e-01
5.580605268478393555e-01
5.157687067985534668e-01
5.134489536285400391e-01
-5.187295675277709961e-01
3.254050910472869873e-01
3.507408797740936279e-01
6.263998746871948242e-01
-3.807553648948669434e-01
4.813492000102996826e-01
4.360331892967224121e-01
4.916880428791046143e-01
6.518380641937255859e-01
5.735286474227905273e-01
-3.945693075656890869e-01
-4.306660890579223633e-01
3.439637720584869385e-01
4.045716822147369385e-01
4.439024627208709717e-01
4.783685803413391113e-01
4.602546095848083496e-01
4.562630653381347656e-01
5.165523886680603027e-01
-4.714259803295135498e-01
5.122774243354797363e-01
4.680078923702239990e-01
3.872518837451934814e-01
-5.920836329460144043e-01
3.235587179660797119e-01
4.922654032707214355e-01
5.734075307846069336e-01
5.993874073028564453e-01
-5.430107116699218750e-01
-5.622345805168151855e-01
-2.373157441616058350e-01
2.256540060043334961e-01
-5.732391476631164551e-01
3.234386146068572998e-01
4.745913147926330566e-01
4.700376987457275391e-01
6.072109937667846680e-01
-5.769789218902587891e-01
3.940669894218444824e-01
4.366590976715087891e-01
-2.007484883069992065e-01
3.758657276630401611e-01
5.015540122985839844e-01
-4.145211577415466309e-01
-3.620038926601409912e-01
-6.650223731994628906e-01
3.720870614051818848e-01
6.215486526489257812e-01
-1.593119353055953979e-01
5.249817371368408203e-01
2.723371982574462891e-01
-2.975619733333587646e-01
4.165433943271636963e-01
6.349965333938598633e-01
3.384366929531097412e-01
4.007861912250518799e-01
5.468463897705078125e-01
-5.506911873817443848e-01
4.557457864284515381e-01
5.642321705818176270e-01
6.198655366897583008e-01
-2.387738078832626343e-01
-3.732624053955078125e-01
4.647521972656250000e-01
-4.147535264492034912e-01
5.648143887519836426e-01
3.800087571144104004e-01
3.797746598720550537e-01
-4.485722780227661133e-01
5.548518896102905273e-01
-3.785839974880218506e-01
-5.328428149223327637e-01
6.373730301856994629e-01
2.429025173187255859e-01
-4.920787513256072998e-01
3.856486678123474121e-01
3.000890910625457764e-01
3.116874098777770996e-01
-3.404872119426727295e-01
6.446940302848815918e-01
3.536846339702606201e-01
3.286105692386627197e-01
5.222160220146179199e-01
3.435759842395782471e-01
5.507699847221374512e-01
4.877014458179473877e-01
-9.208896756172180176e-02
-5.480414032936096191e-01
5.624942779541015625e-01
3.855716586112976074e-01
5.768911838531494141e-01
3.402123749256134033e-01
-4.929902851581573486e-01
-1.800787635147571564e-02
-4.734084904193878174e-01
-5.703573822975158691e-01
4.134345948696136475e-01
4.522451758384704590e-01
-4.901443719863891602e-01
4.427920579910278320e-01
-5.378741621971130371e-01
3.874367177486419678e-01
-2.071189433336257935e-01
5.585770010948181152e-01
-6.028736829757690430e-01
3.555468618869781494e-01
3.020284771919250488e-01
3.966551423072814941e-01
-5.252724289894104004e-01
-5.819332003593444824e-01
4.162921309471130371e-01
-5.517101883888244629e-01
4.016621708869934082e-01
9.532611817121505737e-02
-3.119765222072601318e-01
4.542475938796997070e-01
5.664864182472229004e-01
-4.370659291744232178e-01
-5.698868632316589355e-01
3.417075276374816895e-01
-4.077622294425964355e-01
6.207692623138427734e-01
-5.913507342338562012e-01
4.211016297340393066e-01
5.938282608985900879e-01
-5.386922359466552734e-01
-5.493357777595520020e-01
4.975709021091461182e-01
4.253108501434326172e-01
1.279130131006240845e-01
5.957121253013610840e-01
3.585132062435150146e-01
2.827436923980712891e-01
6.273976564407348633e-01
5.383786559104919434e-01
4.618710577487945557e-01
-3.175325393676757812e-01
5.770410299301147461e-01
