-4.991060793399810791e-01
4.322123229503631592e-01
3.056143224239349365e-01
-2.591081857681274414e-01
4.075685441493988037e-01
5.652917176485061646e-02
4.820401668548583984e-01
-6.029511988162994385e-02
-1.092645078897476196e-01
-3.168872594833374023e-01
2.591052651405334473e-01
9.164923802018165588e-03
5.860065221786499023e-01
4.523336887359619141e-02
-1.508213020861148834e-02
2.424287497997283936e-01
2.468295246362686157e-01
4.821810289286077023e-04
5.459607243537902832e-01
1.751181930303573608e-01
1.747063398361206055e-01
1.477062702178955078e-01
2.199800498783588409e-02
-7.389894872903823853e-02
6.912289857864379883e-01
2.342271357774734497e-01
-2.001095563173294067e-01
-1.946597993373870850e-01
-1.150574386119842529e-01
4.566350877285003662e-01
2.376900911331176758e-01
4.953860640525817871e-01
6.575151085853576660e-01
-7.722848094999790192e-03
3.644102215766906738e-01
1.662103831768035889e-01
1.250749677419662476e-01
3.471579635515809059e-03
-3.983820676803588867e-01
-6.127084605395793915e-03
-1.573799997568130493e-01
3.240202665328979492e-01
3.990626037120819092e-01
-1.766513101756572723e-02
3.914431631565093994e-01
1.748496592044830322e-01
5.537851452827453613e-01
-1.470857411623001099e-01
-2.477378398180007935e-01
-5.847455933690071106e-02
-1.137092486023902893e-01
4.265989959239959717e-01
6.058079600334167480e-01
3.367961943149566650e-02
5.139492154121398926e-01
3.906826078891754150e-01
1.489171087741851807e-01
-2.573978900909423828e-01
-4.426666796207427979e-01
-5.152407288551330566e-01
2.204043269157409668e-01
3.943571746349334717e-01
4.673863947391510010e-01
-3.606650233268737793e-01
-3.743253350257873535e-01
-2.837673425674438477e-01
5.017668604850769043e-01
-3.534019887447357178e-01
-8.262118697166442871e-02
1.275112014263868332e-02
4.884862601757049561e-01
5.807905197143554688e-01
-1.185352429747581482e-01
-9.345754235982894897e-02
4.136374592781066895e-01
2.169480472803115845e-01
4.888525903224945068e-01
5.667094588279724121e-01
9.976029396057128906e-04
3.318765759468078613e-01
-2.919515669345855713e-01
-2.577816247940063477e-01
-9.427402983419597149e-04
8.137906342744827271e-02
-2.824960350990295410e-01
-2.053858637809753418e-01
-7.766865193843841553e-02
-2.226488478481769562e-02
-2.284316420555114746e-01
4.424874782562255859e-01
3.389795124530792236e-01
-2.780452966690063477e-01
2.282915711402893066e-01
-1.166654154658317566e-01
3.499795198440551758e-01
3.210529685020446777e-02
3.472087085247039795e-01
3.031191527843475342e-01
3.607505857944488525e-01
2.493539154529571533e-01
5.221816897392272949e-01
4.759718775749206543e-01
-3.080462813377380371e-01
1.518046855926513672e-01
-2.911330759525299072e-02
4.575483798980712891e-01
4.226013422012329102e-01
3.679926991462707520e-01
-2.005555927753448486e-01
2.506263786926865578e-03
5.791258215904235840e-01
5.067109465599060059e-01
4.962296038866043091e-02
1.548058092594146729e-01
5.557762980461120605e-01
-1.396821290254592896e-01
-1.672668159008026123e-01
-1.021794602274894714e-01
1.995751708745956421e-01
4.114971756935119629e-01
5.098178386688232422e-01
3.766558766365051270e-01
2.319555580615997314e-01
-1.489740312099456787e-01
-1.811689585447311401e-01
2.323583364486694336e-01
4.335810244083404541e-01
3.149674236774444580e-01
4.997913837432861328e-01
7.591806352138519287e-02
-3.567095398902893066e-01
1.670132279396057129e-01
-1.256425976753234863e-01
-1.596513986587524414e-01
-2.991890013217926025e-01
-3.833230584859848022e-02
5.308849811553955078e-01
4.637049436569213867e-01
-5.484474077820777893e-02
-1.205736771225929260e-01
-1.824037730693817139e-01
2.100051194429397583e-01
6.088740229606628418e-01
-1.543933004140853882e-01
5.123617649078369141e-01
4.073517918586730957e-01
5.079784989356994629e-01
4.459878504276275635e-01
-4.879257380962371826e-01
4.090538620948791504e-01
7.522299885749816895e-02
-2.631431221961975098e-01
6.534177064895629883e-01
1.310631930828094482e-01
4.720290601253509521e-01
4.241788685321807861e-01
3.569674193859100342e-01
-1.312692835927009583e-02
3.995557725429534912e-01
2.914256788790225983e-02
3.885573446750640869e-01
6.463861465454101562e-02
-5.201008915901184082e-01
1.575755886733531952e-02
-1.170253679156303406e-01
1.468677967786788940e-01
3.549726009368896484e-01
3.667066991329193115e-01
4.684601724147796631e-01
-1.906727403402328491e-01
-1.624473929405212402e-01
2.311390787363052368e-01
5.920871496200561523e-01
4.185600876808166504e-01
2.010665088891983032e-01
2.832082211971282959e-01
2.493513226509094238e-01
4.191862642765045166e-01
4.296857714653015137e-01
4.884383380413055420e-01
-2.371449470520019531e-01
7.913642376661300659e-02
-4.188186228275299072e-01
-1.685411483049392700e-01
-3.633394837379455566e-01
-2.016456797719001770e-02
-1.772400736808776855e-01
5.797197818756103516e-01
-1.546008288860321045e-01
1.158157661557197571e-01
1.967960894107818604e-01
-1.631099544465541840e-02
5.791488885879516602e-01
6.173612549901008606e-03
2.857297360897064209e-01
4.923734366893768311e-01
4.645866155624389648e-01
-1.071090996265411377e-01
1.510918736457824707e-01
5.278028845787048340e-01
3.569296896457672119e-01
-2.244388312101364136e-01
-4.758303165435791016e-01
-7.400644570589065552e-02
1.670497357845306396e-01
1.406938116997480392e-02
5.826253443956375122e-02
2.840859889984130859e-01
-5.020933225750923157e-02
-4.056032896041870117e-01
2.104508578777313232e-01
4.445723891258239746e-01
-6.244602054357528687e-02
-2.671018242835998535e-01
-1.835622638463973999e-01
-2.908951640129089355e-01
-2.070720642805099487e-01
7.995302975177764893e-02
-3.587382659316062927e-02
4.914125055074691772e-02
5.317693948745727539e-01
-4.952326118946075439e-01
9.495580941438674927e-02
3.276605606079101562e-01
-2.079528272151947021e-01
3.150600194931030273e-01
3.572521209716796875e-01
-2.851915657520294189e-01
-9.189854562282562256e-02
8.162523806095123291e-02
5.365346074104309082e-01
-3.993588089942932129e-01
4.175135791301727295e-01
5.754698514938354492e-01
4.370028376579284668e-01
5.467075109481811523e-01
-1.699224412441253662e-01
2.985324859619140625e-01
1.560592353343963623e-01
-2.279957234859466553e-01
-1.578273624181747437e-01
4.337128698825836182e-01
5.025213956832885742e-02
3.408499360084533691e-01
1.839753240346908569e-01
-1.938143558800220490e-02
-3.075507283210754395e-01
9.022204205393791199e-03
-3.473592698574066162e-01
-1.063725575804710388e-01
-3.069711104035377502e-02
5.369212627410888672e-01
-2.160685956478118896e-01
5.481560230255126953e-01
-2.794133126735687256e-02
5.505113005638122559e-01
