1.848890259861946106e-02
-2.809178642928600311e-02
2.010096423327922821e-02
-1.729535683989524841e-02
-2.209789818152785301e-04
-2.629183791577816010e-02
2.291733399033546448e-02
-1.849257200956344604e-02
-4.646247543860226870e-04
2.684390870854258537e-03
-6.468057166785001755e-03
1.186114922165870667e-02
-3.543134033679962158e-02
-7.484735921025276184e-03
-7.592481561005115509e-03
-2.850959077477455139e-02
-1.736315898597240448e-02
3.778422996401786804e-02
-6.481410469859838486e-03
4.116848576813936234e-03
-4.937970545142889023e-03
-1.514384709298610687e-02
-3.424599394202232361e-02
1.612189039587974548e-02
-4.225625470280647278e-02
-6.439955905079841614e-04
-2.712092734873294830e-02
-4.455784801393747330e-03
7.778387516736984253e-03
-2.624176442623138428e-02
-8.273992687463760376e-03
4.350037872791290283e-02
8.709078654646873474e-03
-4.388145636767148972e-03
-4.311659932136535645e-02
-1.605055108666419983e-02
1.158925984054803848e-02
1.729570794850587845e-03
-8.159927092492580414e-03
-1.812906004488468170e-02
2.383917570114135742e-02
-3.350269421935081482e-02
-5.541551858186721802e-03
1.926424354314804077e-02
3.627192927524447441e-03
9.115449152886867523e-03
-8.709730580449104309e-03
1.539494469761848450e-02
2.535451389849185944e-02
-5.134657490998506546e-03
2.335611730813980103e-03
-2.350672148168087006e-04
1.809461042284965515e-02
-2.252841740846633911e-02
-9.347377344965934753e-03
1.506704837083816528e-03
2.772690914571285248e-02
1.241040416061878204e-02
4.619043786078691483e-03
-5.326351383700966835e-04
-2.548818849027156830e-02
1.882371376268565655e-03
2.702488936483860016e-02
-1.112814433872699738e-02
-9.154437109827995300e-03
4.120147321373224258e-03
-2.352631278336048126e-02
-1.178119424730539322e-02
1.722200214862823486e-02
1.294275932013988495e-02
-2.939768135547637939e-02
-1.568101719021797180e-02
-1.604501623660326004e-03
5.503581371158361435e-03
5.515574663877487183e-02
8.598318323493003845e-03
7.300625555217266083e-03
-3.499772027134895325e-02
-7.729276083409786224e-03
7.636577356606721878e-03
4.955918528139591217e-03
2.158746682107448578e-02
-5.725306458771228790e-03
-3.745529567822813988e-03
5.200159549713134766e-02
6.860159803181886673e-03
1.210098527371883392e-02
2.433249354362487793e-02
-2.695388533174991608e-02
-2.235989551991224289e-03
3.146405331790447235e-03
-4.187445715069770813e-02
-2.574068028479814529e-03
-3.192895650863647461e-02
-1.530310045927762985e-02
2.084287581965327263e-03
-1.336199697107076645e-02
1.698006689548492432e-02
4.517694935202598572e-03
3.007256798446178436e-02
4.185334965586662292e-02
-2.072768844664096832e-02
2.599245868623256683e-02
2.006460912525653839e-02
-1.145202387124300003e-02
-1.505034393630921841e-03
1.020903047174215317e-02
2.610474638640880585e-02
-7.736627012491226196e-03
5.689149256795644760e-03
3.105620271526277065e-04
2.381581068038940430e-02
1.351658999919891357e-02
4.186209291219711304e-03
-3.246686235070228577e-02
2.545365877449512482e-02
1.076510362327098846e-02
-1.950072310864925385e-02
7.915586233139038086e-03
2.918492769822478294e-03
1.222453173249959946e-02
-5.563738755881786346e-03
-1.531310193240642548e-02
4.253724962472915649e-02
2.597816102206707001e-02
-1.485315524041652679e-02
2.834799140691757202e-02
-4.157577175647020340e-03
-1.430079713463783264e-02
1.128754485398530960e-02
1.134147401899099350e-02
-3.071698360145092010e-02
-1.396737433969974518e-02
-6.428710650652647018e-03
-2.933891955763101578e-03
-2.174235135316848755e-02
3.005290776491165161e-02
3.463876619935035706e-02
-2.373275160789489746e-02
3.839027835056185722e-03
9.620408527553081512e-03
1.200284622609615326e-02
3.956367727369070053e-03
4.384048283100128174e-03
-8.178002201020717621e-03
3.310466650873422623e-03
-2.095130644738674164e-02
-1.045109424740076065e-02
-2.097473293542861938e-02
-1.124528609216213226e-02
4.325449932366609573e-03
3.544900193810462952e-02
-1.071465574204921722e-02
-8.875860832631587982e-03
-4.219721257686614990e-02
6.492608692497014999e-03
9.260836523026227951e-04
1.955693820491433144e-03
5.812459858134388924e-04
-2.685488574206829071e-02
-2.471366338431835175e-02
1.273162383586168289e-02
-2.570303715765476227e-02
-3.745130822062492371e-02
-2.298201061785221100e-02
-2.766025811433792114e-02
9.156697196885943413e-04
-3.673922969028353691e-03
-2.411648258566856384e-02
3.113310597836971283e-02
2.355414815247058868e-02
-1.577584631741046906e-02
3.380990400910377502e-02
2.572385221719741821e-02
-6.102020852267742157e-03
2.664178609848022461e-04
2.396769821643829346e-02
-1.807978493161499500e-03
-1.793261733837425709e-03
-1.626502908766269684e-02
1.123537309467792511e-02
3.923397511243820190e-02
-5.429562879726290703e-04
-1.065582968294620514e-02
-1.457328628748655319e-02
-4.530595033429563046e-04
7.320659700781106949e-03
8.235801011323928833e-03
1.701165176928043365e-02
4.328463971614837646e-02
-7.512415293604135513e-03
1.104542892426252365e-02
-3.237255383282899857e-03
-3.289723023772239685e-02
2.509765326976776123e-03
-2.106137201189994812e-02
3.596879541873931885e-02
1.029274612665176392e-02
2.830945141613483429e-02
-1.877388916909694672e-02
-8.973058313131332397e-03
6.922195665538311005e-03
8.967250585556030273e-03
4.386070650070905685e-03
-1.900980249047279358e-02
-7.893241010606288910e-03
-1.791106164455413818e-02
4.781072214245796204e-02
-1.833181083202362061e-02
-3.366860328242182732e-03
2.124546840786933899e-02
-1.037254091352224350e-02
3.413225989788770676e-03
8.486843667924404144e-03
-1.359607931226491928e-02
9.940952062606811523e-03
-2.104779705405235291e-03
1.698292978107929230e-02
8.883914910256862640e-03
-2.437503077089786530e-02
-1.114249508827924728e-02
-8.729996625334024429e-04
3.961674124002456665e-02
7.715004030615091324e-03
-9.947045706212520599e-03
4.572782292962074280e-02
-2.494923211634159088e-02
8.931352756917476654e-03
-7.977033033967018127e-03
1.307951938360929489e-02
-1.604113029316067696e-03
5.884334072470664978e-02
2.799908630549907684e-02
-1.880946382880210876e-02
-7.116177002899348736e-04
3.767749294638633728e-02
1.292563416063785553e-02
-2.353361807763576508e-02
-4.112455621361732483e-02
-1.639106497168540955e-02
4.358176141977310181e-03
-7.281625177711248398e-03
3.355137072503566742e-03
-1.892556250095367432e-02
-3.122034296393394470e-02
4.744597151875495911e-02
-1.706630922853946686e-02
5.516688525676727295e-02
5.262100324034690857e-02
4.024556837975978851e-03
-1.605227030813694000e-02
-2.382591553032398224e-02
3.006305359303951263e-02
-2.178177423775196075e-02
2.359435521066188812e-02
-1.999996043741703033e-02
