3.610652685165405273e-01
3.896343111991882324e-01
-4.895928502082824707e-01
5.832628011703491211e-01
-4.308103621006011963e-01
-5.199513435363769531e-01
2.639431059360504150e-01
-4.124825596809387207e-01
3.632028400897979736e-01
-4.163284003734588623e-01
5.532651543617248535e-01
2.678154408931732178e-01
5.009465217590332031e-01
4.749217629432678223e-01
4.565156400203704834e-01
-5.293721556663513184e-01
3.654741942882537842e-01
2.629447877407073975e-01
5.726689100265502930e-01
5.352435708045959473e-01
3.581416904926300049e-01
-3.029886782169342041e-01
2.006356418132781982e-01
4.489069581031799316e-01
3.729141950607299805e-01
4.107642769813537598e-01
-3.580626249313354492e-01
2.805677354335784912e-01
-3.474026620388031006e-01
5.534917712211608887e-01
-3.667140901088714600e-01
-5.577875971794128418e-01
5.604335069656372070e-01
-5.331120491027832031e-01
-2.016278058290481567e-01
-3.551919162273406982e-01
-4.453269243240356445e-01
4.529882371425628662e-01
-5.028633475303649902e-01
5.810775756835937500e-01
4.188170135021209717e-01
3.762761354446411133e-01
-3.614947497844696045e-01
2.976438105106353760e-01
-4.141024351119995117e-01
2.717961668968200684e-01
3.690451383590698242e-01
-5.111853480339050293e-01
3.540776669979095459e-01
3.497563898563385010e-01
4.503796696662902832e-01
-4.074206650257110596e-01
5.489435195922851562e-01
-1.913387775421142578e-01
2.798392176628112793e-01
5.539268851280212402e-01
4.094261527061462402e-01
4.962726533412933350e-01
3.503492772579193115e-01
-5.315011739730834961e-01
4.212519228458404541e-01
4.081155359745025635e-01
3.080745935440063477e-01
3.988882005214691162e-01
3.755223751068115234e-01
5.682529807090759277e-01
3.782549500465393066e-01
-3.602799773216247559e-01
3.928295373916625977e-01
4.867455065250396729e-01
3.327237665653228760e-01
3.281886577606201172e-01
4.854731857776641846e-01
5.105643272399902344e-01
3.735277652740478516e-01
4.367467164993286133e-01
5.285791158676147461e-01
5.908644199371337891e-01
-4.423854351043701172e-01
5.752047300338745117e-01
3.453385829925537109e-01
5.821163058280944824e-01
5.796372890472412109e-01
5.201810002326965332e-01
3.967520296573638916e-01
-4.673560261726379395e-01
5.183188319206237793e-01
3.996252119541168213e-01
4.016414880752563477e-01
4.584920406341552734e-01
4.920403659343719482e-01
5.328088998794555664e-01
3.461302518844604492e-01
5.700871944427490234e-01
5.936906337738037109e-01
3.767570555210113525e-01
3.243081569671630859e-01
-3.820515871047973633e-01
-3.130488395690917969e-01
4.414589703083038330e-01
5.604243874549865723e-01
3.709186613559722900e-01
3.453825116157531738e-01
4.061346054077148438e-01
-3.980688452720642090e-01
-5.404078364372253418e-01
-2.140095382928848267e-01
3.660052418708801270e-01
4.358768761157989502e-01
2.576676309108734131e-01
-4.098485708236694336e-01
2.856810986995697021e-01
4.477007687091827393e-01
3.786333799362182617e-01
-4.999381303787231445e-01
2.829038798809051514e-01
-1.674093306064605713e-01
5.524695515632629395e-01
3.719447851181030273e-01
3.601256012916564941e-01
2.563727796077728271e-01
5.527251958847045898e-01
-5.119405388832092285e-01
-4.808302521705627441e-01
3.840526938438415527e-01
-4.952683448791503906e-01
5.864250063896179199e-01
4.279473125934600830e-01
-4.136129021644592285e-01
4.918774664402008057e-01
2.861387133598327637e-01
3.555106222629547119e-01
-4.288296028971672058e-02
-2.118015140295028687e-01
4.867284893989562988e-01
3.878587782382965088e-01
4.885108470916748047e-01
-5.125849246978759766e-01
4.423606097698211670e-01
4.544392824172973633e-01
3.539504408836364746e-01
-5.492484569549560547e-01
3.985244333744049072e-01
4.185285866260528564e-01
4.931868314743041992e-01
5.359827876091003418e-01
4.106612503528594971e-01
5.127442479133605957e-01
3.916932940483093262e-01
3.211105763912200928e-01
-4.565842449665069580e-01
3.320914804935455322e-01
5.491356253623962402e-01
-3.789391219615936279e-01
-4.387670755386352539e-01
-3.757721483707427979e-01
2.796263098716735840e-01
4.322658777236938477e-01
5.138984918594360352e-01
-4.629371762275695801e-01
-1.825675815343856812e-01
6.091314181685447693e-02
-3.794819712638854980e-01
-5.358442068099975586e-01
4.282254278659820557e-01
5.207576155662536621e-01
-1.624196022748947144e-01
-4.386310875415802002e-01
4.501037895679473877e-01
-2.012158334255218506e-01
3.708220422267913818e-01
5.915784239768981934e-01
3.404493927955627441e-01
-2.892324030399322510e-01
5.426869988441467285e-01
-4.374637901782989502e-01
-3.583111166954040527e-01
5.230213403701782227e-01
5.678419470787048340e-01
-2.751359939575195312e-01
3.937827348709106445e-01
2.889347374439239502e-01
-2.284333705902099609e-01
4.646739959716796875e-01
4.569559991359710693e-01
5.028960704803466797e-01
-4.716221094131469727e-01
4.475481510162353516e-01
-3.709719479084014893e-01
4.676577448844909668e-01
3.366206884384155273e-01
2.901425659656524658e-01
4.276451468467712402e-01
3.209792971611022949e-01
4.018440544605255127e-01
2.699913084506988525e-01
-3.742386400699615479e-01
4.073864817619323730e-01
4.187287986278533936e-01
3.295198976993560791e-01
5.656093358993530273e-01
4.435344040393829346e-01
5.039349198341369629e-01
5.219984650611877441e-01
-1.461164653301239014e-01
-5.016232132911682129e-01
5.689809918403625488e-01
3.680710196495056152e-01
5.635166168212890625e-01
3.694799244403839111e-01
-4.910849332809448242e-01
1.997915953397750854e-01
3.362107276916503906e-01
-3.145793974399566650e-01
3.389684855937957764e-01
3.244742751121520996e-01
-3.911628425121307373e-01
5.321996808052062988e-01
-3.700723350048065186e-01
3.900604546070098877e-01
-8.904246240854263306e-02
5.176102519035339355e-01
-5.628740787506103516e-01
3.875136077404022217e-01
3.804038465023040771e-01
3.422934412956237793e-01
-5.475420951843261719e-01
4.131903350353240967e-01
3.997528254985809326e-01
-4.850723743438720703e-01
4.800942838191986084e-01
1.181056126952171326e-01
3.265116214752197266e-01
4.498414695262908936e-01
5.623361468315124512e-01
-5.398897528648376465e-01
-5.446925163269042969e-01
-3.503791391849517822e-01
-3.680699467658996582e-01
5.662596821784973145e-01
-5.376225709915161133e-01
4.474572539329528809e-01
3.415613472461700439e-01
-4.340149462223052979e-01
-4.740457832813262939e-01
5.815503597259521484e-01
4.222361147403717041e-01
3.850758671760559082e-01
5.297060608863830566e-01
3.715046048164367676e-01
3.874847292900085449e-01
5.327499508857727051e-01
4.409877061843872070e-01
4.213559329509735107e-01
-3.276358842849731445e-01
5.641385912895202637e-01
