8.170874207280576229e-04
1.353100687265396118e-02
1.506093610078096390e-02
4.121574759483337402e-02
2.269449457526206970e-02
5.917821452021598816e-02
4.972388595342636108e-02
-3.881331766024231911e-03
-5.606824904680252075e-02
-1.604059711098670959e-02
3.742453828454017639e-02
2.727740630507469177e-02
3.877984359860420227e-02
2.125071920454502106e-02
5.004265904426574707e-02
6.558421533554792404e-03
1.061795558780431747e-02
-4.170354455709457397e-03
3.804462403059005737e-02
2.035995200276374817e-02
8.135969191789627075e-02
2.556409500539302826e-02
-2.032953873276710510e-02
3.210576623678207397e-02
-1.955860108137130737e-02
3.115974552929401398e-02
1.423310488462448120e-02
2.214354090392589569e-02
-1.989036053419113159e-02
9.405259788036346436e-02
-1.980766886845231056e-03
6.987390667200088501e-02
9.958595968782901764e-03
-1.510040462017059326e-02
3.712891368195414543e-03
1.325022242963314056e-02
-8.504666388034820557e-03
1.021517440676689148e-02
4.797225072979927063e-02
5.950199067592620850e-02
-6.748887710273265839e-03
1.062885019928216934e-02
4.200946912169456482e-02
1.822667382657527924e-02
3.563939779996871948e-02
1.989172026515007019e-02
4.583696275949478149e-02
-1.246027182787656784e-02
4.659150261431932449e-03
4.860552772879600525e-02
6.829278077930212021e-03
-2.720234170556068420e-02
-1.791477762162685394e-02
1.548873726278543472e-02
-3.740661591291427612e-02
4.260366037487983704e-02
1.834525913000106812e-02
2.105369232594966888e-02
5.032967403531074524e-02
-1.055286731570959091e-02
7.459594868123531342e-03
-2.055249735713005066e-02
4.850646480917930603e-02
2.613837271928787231e-02
1.732496172189712524e-02
3.820359334349632263e-02
2.960119210183620453e-02
4.073320422321557999e-03
8.130062371492385864e-03
-1.244020368903875351e-02
-1.249698363244533539e-02
5.393556877970695496e-02
8.997066877782344818e-03
2.021955326199531555e-02
6.279718875885009766e-02
7.683696597814559937e-02
2.236194908618927002e-02
2.171112457290291786e-03
1.947745680809020996e-02
-3.596116555854678154e-03
3.830205276608467102e-02
-2.155299065634608269e-03
6.590420007705688477e-02
9.462112560868263245e-03
-8.602292276918888092e-03
-2.316740714013576508e-02
1.933422870934009552e-02
4.722584784030914307e-02
1.362941320985555649e-02
3.520097211003303528e-02
5.188982561230659485e-02
-3.216557204723358154e-02
-5.467271897941827774e-03
-1.222572661936283112e-02
4.863630235195159912e-02
1.053353073075413704e-03
-1.162300724536180496e-02
1.268182508647441864e-02
8.309610188007354736e-03
1.780481450259685516e-02
1.443741284310817719e-02
1.523531787097454071e-02
-3.393436316400766373e-03
5.000951513648033142e-02
1.360377762466669083e-02
-4.222280159592628479e-02
-2.168386802077293396e-02
3.511401265859603882e-02
3.400597721338272095e-03
2.233946695923805237e-02
1.869614049792289734e-02
-2.771847322583198547e-02
3.224110230803489685e-02
-4.257096908986568451e-03
-1.148259919136762619e-02
5.697143450379371643e-02
9.350985288619995117e-03
2.072021365165710449e-02
5.030346289277076721e-02
-3.055846784263849258e-03
-2.781629748642444611e-02
2.067487314343452454e-02
2.036204794421792030e-03
2.355762943625450134e-02
7.550642639398574829e-02
1.550341211259365082e-02
2.821558713912963867e-02
-3.899565432220697403e-03
4.513261374086141586e-03
-1.590595953166484833e-02
-2.494355849921703339e-02
-4.962909966707229614e-02
1.817980222404003143e-02
-1.973343081772327423e-02
2.573322737589478493e-03
2.669234527274966240e-04
6.308967247605323792e-03
1.922307722270488739e-02
1.434284786228090525e-04
1.870656944811344147e-02
5.452288314700126648e-02
1.277859974652528763e-02
-9.745129384100437164e-03
5.297211557626724243e-02
6.824329495429992676e-02
3.865282610058784485e-02
-3.884606808423995972e-02
-2.433736063539981842e-02
2.502824738621711731e-02
2.124935202300548553e-02
-1.799528487026691437e-02
4.305670037865638733e-02
4.299391433596611023e-02
-2.689749561250209808e-02
-5.409600678831338882e-03
5.601908639073371887e-02
1.109304558485746384e-02
-1.142158987931907177e-03
7.771250326186418533e-03
2.718684822320938110e-02
2.363518066704273224e-02
-7.778543978929519653e-03
9.277415461838245392e-03
2.946654893457889557e-02
-2.192608267068862915e-02
1.317929476499557495e-02
-1.285686437040567398e-02
5.016997456550598145e-03
-3.518030978739261627e-03
3.043347969651222229e-02
2.241230756044387817e-02
-4.993979632854461670e-02
1.545612886548042297e-02
-3.768317401409149170e-02
2.733508683741092682e-02
9.801785461604595184e-03
3.506262600421905518e-02
3.863456100225448608e-02
6.166513264179229736e-02
-8.477981318719685078e-04
1.652861014008522034e-02
-7.746652234345674515e-03
-3.313818480819463730e-03
1.715432852506637573e-03
-1.314589194953441620e-02
-8.051222539506852627e-04
3.125469386577606201e-02
-3.502212639432400465e-04
4.263651557266712189e-03
2.712520025670528412e-02
8.253550156950950623e-03
-1.971883932128548622e-03
-1.082024886272847652e-03
-3.638214245438575745e-02
1.914641237817704678e-03
6.510372459888458252e-02
2.016494050621986389e-03
3.638604655861854553e-02
1.116183586418628693e-02
8.443519473075866699e-03
5.407671909779310226e-03
1.379691436886787415e-02
3.821255266666412354e-02
-3.958452120423316956e-02
3.753652051091194153e-02
-1.298792473971843719e-02
9.659970179200172424e-03
-2.719770185649394989e-02
-1.114329695701599121e-02
-5.744264926761388779e-04
7.129090279340744019e-02
1.114541478455066681e-02
4.467729106545448303e-02
-4.508616402745246887e-03
5.028229951858520508e-02
1.787827536463737488e-02
1.508699171245098114e-02
-1.220727432519197464e-02
2.846366725862026215e-02
6.381367892026901245e-02
1.674338243901729584e-02
-9.646097198128700256e-03
-1.786055602133274078e-02
-1.321365311741828918e-02
4.677831381559371948e-02
7.855977863073348999e-02
4.519799724221229553e-02
-2.386851236224174500e-02
2.696329960599541664e-03
1.813270896673202515e-02
-4.801230039447546005e-03
2.596704661846160889e-02
4.793884977698326111e-02
4.821187257766723633e-02
2.791769057512283325e-02
5.513388291001319885e-02
3.803499042987823486e-02
-1.609396934509277344e-02
-2.573012001812458038e-02
3.883395111188292503e-03
5.860698968172073364e-02
3.294558450579643250e-02
3.423004969954490662e-02
-4.074697196483612061e-02
-3.656335920095443726e-02
-2.598514966666698456e-02
5.746319144964218140e-02
1.109463255852460861e-02
-6.607295479625463486e-03
-7.010684348642826080e-03
2.398286946117877960e-02
-2.329988218843936920e-02
-2.472267113626003265e-02
8.635853417217731476e-03
-5.860206205397844315e-03
4.304287210106849670e-02
