0.06345354
-0.12978233
0.14492203
0.07122553
0.11996741
-0.11000639
-0.06391774
-0.06308401
0.14248739
-0.099842526
0.06685612
0.04255884
0.123155236
-0.00092061167
0.11489441
-0.08736458
0.041240085
0.1386305
-0.010581843
-0.08591878
-0.080217235
-0.07247626
0.0689591
-0.068044364
0.10987007
-0.0961405
-0.064032994
0.16833849
0.08576117
-0.069985785
-0.123120524
0.041169785
0.056749202
-0.09784428
-0.11412188
-0.12553713
-0.04622731
-0.08029827
0.058077704
0.120444775
-0.10152677
-0.11614018
0.092422344
0.063979074
0.11321528
0.07611653
-0.11745698
0.21250257
0.036794886
-0.049302924
-0.07174015
-0.10347144
-0.10966267
0.1309018
-0.15267171
0.07377911
0.11073686
0.056030434
-0.081803486
-0.1143709
0.07545242
0.12987766
-0.062018257
-0.08939309
-0.11832786
0.071859546
-0.0705719
-0.008032219
-0.14569965
0.08499732
-0.09229757
0.08219927
-0.09588697
0.025305286
-0.10650656
-0.09761634
0.06316869
0.039371904
0.073921636
-0.068043195
0.13462411
-0.07209648
0.02965506
-0.092162244
0.058358274
-0.08504857
0.14918594
-0.070585765
-0.054352246
-0.09178618
-0.074528225
0.0989155
0.10901425
-0.069775514
0.115866035
0.062174365
0.017355233
-0.12192125
-0.071233414
0.16343518
-0.12646349
0.039172612
-0.00024086001
-0.10292032
-0.07285307
0.05960336
0.13345335
0.0085131135
0.12633762
-0.0749897
0.11205014
0.030123562
0.15941134
0.11029405
-0.066493385
-0.1244958
0.12026005
0.035562895
0.05789462
-0.11751546
-0.0861611
0.09669632
-0.09905006
-0.08471132
0.042050924
-0.079963356
-0.058850825
0.03951649
-0.09613938
0.038286105
-0.062276322
0.10012328
0.11827068
0.12884097
-0.08995976
0.13746825
-0.032031156
0.103412084
0.10141355
-0.08618345
-0.038343508
-0.07047451
0.012191289
0.06951801
0.02253185
-0.079414174
0.079704076
0.10953163
-0.09248939
0.16032884
-0.08917595
-0.11578919
0.12931877
-0.11643679
-0.11912378
-0.07427567
0.0794115
0.11950292
0.025739629
-0.082789
-0.083046034
-0.060237244
-0.11777117
0.10732674
0.19296314
-0.061085667
-0.06496473
0.062072452
0.13834055
-0.05783595
0.1865834
-0.09213801
-0.0840764
-0.043113858
-0.060706217
0.06661529
0.07138113
-0.053388316
0.13290764
0.1128187
-0.060088944
0.098043405
0.021120986
0.07504482
0.104323156
0.0972031
0.066385835
0.09998492
0.108253784
0.13096927
-0.09100049
-0.03262559
-0.020631367
0.15547098
0.07803087
-0.022243751
0.08809442
0.031132208
0.096050814
-0.05417365
-0.08928151
-0.032847896
0.12301933
0.075460404
-0.016531928
0.0728313
-0.09795499
-0.06843658
-0.10501146
0.12736054
0.089822166
0.1838912
0.107004486
-0.11171924
0.09514325
-0.0792716
0.04529218
0.0096749365
-0.08418714
0.020990536
0.120000936
-0.106786944
-0.0705663
-0.10203756
-0.0774446
0.04210598
-0.13098352
-0.052615613
-0.085235514
-0.14953218
-0.071920164
0.07101366
0.13356183
-0.033431802
-0.076850295
0.02073091
0.070246674
-0.07126228
0.12743515
-0.045838334
-0.06704273
0.1307833
-0.083650425
-0.09196767
0.090870366
-0.111123584
-0.07917978
-0.089121655
-0.1163388
0.082503125
0.098952696
-0.081561215
0.092284404
0.13465472
-0.062329814
-0.13901985
0.14884081
0.08928366
-0.067193836
0.06761232
-0.057524335
0.0813646
0.19983377
-0.09091935
-0.081817426
0.108302504
-0.060386993
0.107250705
0.05781453
-0.040905844
-0.016263146
-0.13264157
-0.00082162017
0.10374793
-0.07962874
0.05037969
-0.07263284
0.06057767
-0.07241754
-0.07216174
-0.093338504
0.20481773
-0.09460143
-0.03866237
-0.119060084
-0.07392228
-0.044691034
0.013647931
-0.09262277
0.08476219
-0.071594335
-0.054052293
-0.07828244
-0.090731345
0.09399554
-0.043116525
0.10879112
-0.08099791
-0.07203079
-0.08545243
0.100740775
-0.109071426
0.099002585
-0.09727277
0.096981525
-0.06473149
0.116827495
-0.07931752
0.06398504
-0.088158526
0.11844454
0.08725607
0.13140754
-0.07845545
-0.096423134
-0.069019884
0.100561
0.15564956
0.04508101
0.08853886
0.11080728
-0.11032648
-0.033641253
-0.089522205
0.11822039
-0.11345781
-0.093249016
-0.07778235
0.1583079
0.1387781
0.100507885
-0.057197485
0.0862911
-0.0863384
0.23735654
-0.060272753
-0.08375634
-0.07719283
0.100574054
0.004552417
-0.08489631
0.080070764
-0.09575059
0.110816024
-0.019408815
-0.06044853
0.17920883
-0.04134489
0.10094962
0.070619464
-0.06089496
0.013825668
-0.08897713
-0.12236383
0.057806432
-0.079203494
0.11050361
0.17578758
0.059470296
0.07913669
0.21145609
-0.043289647
-0.18321276
-0.14616168
-0.04975
0.024591306
-0.080765046
-0.08502079
-0.100980304
-0.08081938
0.11233593
0.12609474
-0.08427586
0.080588266
-0.09674107
-0.06936883
0.038586516
0.11540664
0.023911607
-0.101064675
0.088989705
-0.107999034
-0.0744021
0.07683109
0.10496192
-0.055192664
0.09143714
-0.1073867
-0.06507633
-0.055777997
0.08654273
0.006331294
0.0029583143
-0.07314996
-0.0787564
-0.077538915
-0.13150547
-0.08082745
-0.064939395
0.06814268
-0.0063615427
0.17214957
-0.07782635
0.15978499
-0.087761976
-0.081582405
-0.1079024
0.20824921
0.019905787
-0.07224994
-0.081917614
0.11248764
0.10565013
-0.08845738
-0.08929904
0.058037747
0.07551863
0.10151677
0.16050066
0.06586472
0.087307066
0.092545375
0.10301911
-0.106688134
0.04218488
-0.10588675
-0.15951853
0.074427575
0.13345328
0.07622609
-0.108038
0.07233474
-0.09769137
0.11561338
-0.107564405
-0.1124687
0.12805986
-0.030886358
-0.07434834
0.08766613
-0.062045716
0.035343997
0.07789901
0.11069697
0.1186688
-0.076753646
0.05300492
0.09820106
0.11355976
0.12391018
-0.09131617
0.057519075
-0.07897357
0.13931723
0.11221922
-0.10207371
-0.08501885
-0.11855464
0.041379407
-0.093378946
0.17058541
0.090987764
0.04787804
-0.049476437
0.04106104
-0.10813785
0.11193042
0.10436341
-0.0770986
-0.09786605
-0.08197594
0.10462361
-0.103076294
-0.055431053
-0.078847036
0.1049819
-0.061388966
0.122935735
-0.12441726
0.02884538
-0.087253384
-0.07772856
0.17379022
-0.06572666
-0.014219266
-0.06656489
0.013338067
-0.09726496
0.069675475
0.082377374
-0.104976214
-0.07667237
-0.026917638
-0.09996112
0.12416816
-0.022932857
-0.052302565
0.120728165
0.09447548
-0.10787714
-0.103104755
-0.08626666
-0.105872184
0.15718988
0.09580396
-0.09418493
0.16309904
0.19835067
-0.07654637
0.02935145
0.08197731
-0.0768576
