0.07663888
-0.08283398
-0.0690218
0.04410694
0.06901737
-0.057192065
-0.030148312
0.05932604
-0.06931489
-0.051532086
0.06575887
0.09001548
-0.080173746
0.06868186
0.05119344
-0.039130107
-0.056710314
-0.09080016
-0.045223966
0.054927748
0.06
-0.051710654
-0.040391877
-0.041807257
0.078595996
0.060444713
0.053541064
0.038307812
0.05819668
0.053768717
0.05899922
0.06261676
0.07371771
-0.038942046
0.09402577
-0.066752985
0.058819283
0.036828063
0.078744724
0.084929086
-0.067066655
-0.076481104
-0.044920348
-0.048061933
-0.06164964
-0.08718155
0.058799945
-0.08104034
-0.056630872
0.06745949
-0.06223034
0.054205492
0.06686556
0.055048693
0.057452295
0.057684302
-0.06536913
0.066861056
0.058035377
0.06834831
-0.07139801
0.09008536
-0.0518749
0.05932404
0.03849389
0.066947564
0.040708803
-0.08933485
0.062467754
0.06628431
0.053718284
0.018424435
-0.05425287
-0.10655981
-0.045011766
0.057165783
-0.06951483
-0.016348235
0.06599406
0.06274439
-0.06734946
0.03304111
-0.08390528
-0.06254409
0.051094957
0.07524835
0.057756823
-0.091022104
-0.07386462
-0.08013955
-0.061362885
-0.034883052
0.05446334
-0.07116495
0.018513264
-0.0635803
-0.07727839
-0.025097098
-0.016080514
-0.050029486
-0.05518782
-0.056826275
-0.07448376
-0.07718154
-0.06499676
0.09216436
-0.065556645
0.06661247
0.052930605
-0.04348021
-0.0506028
-0.05449011
0.07844246
-0.051175315
-0.080440655
0.067543276
-0.06415839
-0.0676278
-0.06581275
-0.0646345
-0.058924768
-0.056083865
0.054666962
-0.07731238
0.033557143
0.08003764
-0.10531591
0.08261489
0.08675577
0.0738656
0.061075106
0.049271826
-0.09608469
0.09590913
-0.07572741
0.076312706
-0.08931516
0.054073285
0.06653114
-0.06973983
-0.04678108
-0.08020178
-0.08104821
0.075117625
-0.07905625
0.070773445
0.0681138
0.077642165
0.0553215
-0.052830383
0.058306236
0.075317785
0.075145975
0.07225928
0.06687166
0.045777746
-0.052358612
0.07516246
-0.051425435
0.063973084
-0.051662326
-0.04843948
0.044070527
0.066277064
0.014115425
0.036908567
0.07169321
0.082816854
0.04860142
0.064014494
0.06587609
0.07629829
-0.050924174
-0.051845938
-0.05414424
0.035328716
-0.058115855
-0.07120978
-0.060160223
-0.048727002
-0.04929068
-0.05984913
0.073584855
0.062364127
-0.04845552
-0.026642239
-0.045852065
-0.067684375
0.0716283
0.06657933
0.06757848
0.05820379
-0.079522826
0.045976374
0.042958662
-0.07161692
-0.049677704
-0.05140112
0.08420978
0.06181667
-0.05853463
-0.051368624
0.0682424
-0.08189539
-0.06406418
-0.041899186
0.09410937
-0.083336696
0.048307616
-0.07146933
0.0821739
0.04082647
0.06760275
0.056905452
0.04675843
0.039737843
0.08377266
-0.06411667
-0.05854185
0.058957584
-0.043730207
-0.049378257
-0.06063896
-0.08248236
-0.07762737
-0.06818071
-0.034724005
-0.07059368
-0.050698183
0.07922477
-0.060568243
-0.052990407
-0.054830775
-0.059592318
0.031023514
0.078753345
-0.06261198
0.058399837
0.0679455
0.06552763
0.06755432
0.07630392
0.06460893
-0.051326334
-0.07367625
-0.080486745
-0.0680688
-0.08739691
-0.055295885
-0.056466535
-0.06813133
0.09558032
-0.04592852
-0.054933514
0.06557185
0.050094374
-0.061975017
0.097208224
0.06589456
-0.07054067
-0.05930852
0.0894286
-0.062442467
0.0754315
-0.08133569
-0.064053185
0.05983141
0.054210093
0.035118442
0.054516442
-0.053470146
-0.05159786
0.08515651
0.07100466
0.053699307
-0.044758875
-0.05023035
0.070319965
-0.08331406
-0.07980223
0.018040732
-0.045082875
-0.106075756
-0.056124873
0.076430544
0.070566036
0.018145798
-0.09395124
0.096027
0.06013328
-0.054073624
0.04247235
-0.0052828128
0.066280104
-0.041655444
0.048441574
0.058384873
0.06609158
-0.051075
-0.03943261
-0.062422387
-0.054296173
0.07370847
0.08697267
0.0607367
0.08485603
-0.069061644
-0.07033222
-0.07902307
0.074896455
0.087729484
0.027108904
-0.09544387
-0.060830183
-0.042005356
0.053497154
0.08410001
0.057877313
0.057075366
0.065776326
-0.0507266
0.05828181
0.07934995
0.08328951
0.060125384
-0.048903063
-0.044833645
0.03997519
0.054255713
-0.08700576
-0.049471684
0.0504221
-0.0841268
0.061584994
-0.066472195
0.051071085
0.06305889
-0.06007605
-0.055149965
0.06505585
-0.07011903
-0.017671369
-0.047399323
0.067537956
0.06646778
-0.068290964
0.052920975
-0.06528743
-0.073957145
-0.07488188
0.06601108
0.05409243
-0.05747026
-0.04740846
0.09398211
0.052201036
0.06736334
-0.059223447
-0.047380798
0.07032114
-0.041505065
0.074382365
0.06017593
-0.09232926
-0.104713194
-0.051780578
0.09271752
0.07070811
-0.09458665
-0.052841105
0.058909606
0.06512881
-0.072359845
0.07326187
-0.0643596
0.058056887
-0.07016833
0.06520743
0.023369197
-0.060584698
-0.05385496
-0.00251365
-0.047355626
-0.05189387
-0.06283769
0.06541051
-0.060657218
0.010528261
0.060162086
-0.059412774
0.08578614
-0.057937425
0.08237898
0.06542571
0.05774317
0.042142063
-0.057148967
0.07233786
-0.071749754
0.06852671
0.051406804
0.055050757
0.042867802
-0.09255614
-0.055022452
0.08928801
-0.058766678
0.050739978
-0.0729121
0.064693406
0.03891756
0.052055456
-0.07879965
0.05754316
-0.07122939
0.07523488
-0.058371693
0.05086839
-0.07266718
-0.06922888
0.060156483
0.07079758
0.016955834
-0.05908148
-0.06560114
0.07360992
0.07401448
0.10125116
-0.090531506
-0.047878485
0.06336535
0.07230124
-0.058293294
0.08354385
0.055402607
0.025740549
0.060609717
-0.058414906
0.06235335
0.055401023
0.06573673
0.07259149
0.059808284
-0.0024588774
0.06709309
0.08278997
-0.05518504
-0.069229394
0.07802276
0.0511353
-0.07190676
-0.055117335
-0.08089757
-0.049133535
-0.061578266
0.05889553
-0.06674127
0.04069899
0.07616799
0.06448291
0.06627523
0.057391375
-0.040399767
0.056978095
0.06445373
0.04762392
-0.05964928
-0.065097906
0.057583097
-0.047553465
-0.081145085
0.05655425
-0.06799077
-0.050170407
-0.06416995
0.033196896
0.056614995
-0.05021988
-0.05911571
-0.08425215
0.097663864
-0.049270045
0.0771046
-0.078486785
-0.06852791
-0.09430643
-0.039338395
0.06765718
-0.043820146
0.042130146
0.05541636
-0.05649063
-0.08711308
-0.04720512
-0.057533856
-0.041925274
-0.057661757
0.05301669
0.08063518
-0.098214485
0.07518583
-0.06141003
0.09630536
0.057701107
-0.05536976
-0.090253145
0.051981773
0.06792781
-0.05019543
0.0842297
0.08442032
-0.055290636
