0.008591274
-0.041153185
0.01745882
0.05700308
0.008666614
-0.021835448
-0.029598167
0.041845523
-0.02178591
0.023063414
0.0025453677
-0.0039100884
0.008898419
-0.023333708
0.02114986
0.015484603
-0.017725598
0.023812827
-0.0016861106
-0.014239643
0.011005801
-0.005320328
-0.0051944684
0.0017317658
0.028787721
0.009443826
0.016443709
0.017901065
0.045502655
-0.0075096358
-0.011867773
-0.029706413
-0.006252675
0.02518136
0.032455746
0.025302205
0.015588575
0.023921357
0.0174988
-0.03154605
0.013661666
-0.021205513
-0.0034465308
0.021890655
-0.023546256
0.0069603017
0.0034810202
-0.00044849364
0.027884552
-0.0064987475
-0.0025670012
0.04737029
0.0042911717
-0.004672026
0.0074827652
0.022353686
-0.016471244
0.0012640087
-0.011388493
0.046530098
0.023888653
-0.014227544
-0.0027626457
0.030894795
-0.00069429254
-0.0027979896
0.029046515
-0.014069972
0.009600543
0.007456702
0.026437297
-0.044499505
0.026931578
0.046567116
0.033997636
-0.03264323
0.016291874
0.016316535
0.018224644
0.00963636
-0.003870175
0.02122921
-0.003120782
-0.029337084
-0.02280753
0.0012350603
-0.012325161
0.005806576
0.011800529
-0.0067027607
-0.015655981
0.019862695
-0.015453602
0.0020149918
0.008940115
-0.007740497
-0.0019610012
-0.062789254
-0.0041512907
0.001732136
-0.0095329005
-0.006281884
0.03807105
-0.031809818
-0.0039679147
0.042127687
0.018890161
0.024496987
-0.010924383
0.0060187364
0.025109934
0.0042274087
-0.014185735
0.0012273676
0.023949223
-0.0052583916
-0.01555932
-0.016453803
-0.019907618
-0.03369827
-0.026088864
0.039083596
-0.010689863
-0.004427821
0.00045964663
0.019842688
0.0016330234
-0.010376194
0.02586737
0.012298854
0.007581027
0.005214944
-0.013249483
-0.0051953234
0.0008819471
-0.01369975
0.0072597517
0.03741633
0.016864082
0.00055397255
0.012749744
-0.03195673
0.009988409
0.03868284
0.012161577
0.024616575
0.054796863
0.0028733888
0.009841787
0.014863819
0.01455786
-0.015647551
0.008526083
-0.0042848676
0.027366163
0.036871538
0.007711856
0.014510035
0.005178459
-0.014783132
0.015779065
-0.06187542
-0.022323303
0.004335443
0.0064875064
-0.00030904086
-0.026089245
-0.008143622
0.022012167
0.010800656
0.014414737
0.0065165167
0.0055821445
0.052191485
-0.031135956
-0.015427496
-0.009427094
-0.01142269
0.015108558
0.005200664
-0.011025106
-0.0018098508
-0.006940184
-0.035801146
-0.01871776
-0.0063592526
0.0031330592
0.028341955
-0.0105668325
0.009255267
0.0073770895
0.0239626
0.009137328
0.028040439
0.0033629045
0.016474167
-0.0023274333
0.028797908
-0.027448812
-0.011392942
0.045865413
-0.004940483
0.0032920695
0.008314173
0.01126871
0.0035863135
-0.013102931
-0.017786669
-0.0010381701
0.019187365
-0.01621631
0.037077654
-0.0015677677
-0.019609556
-0.03408618
0.016431425
-0.012518896
0.038304456
0.037576303
-0.0055162767
-0.029883023
0.026730789
-0.024877733
0.008792523
0.005715193
-0.008114711
0.045390937
0.0140173
-0.037640896
-0.026121948
-0.027820263
-0.03325553
0.022183836
-0.031368848
0.021914396
-0.010001147
0.0037882775
0.0202594
0.02414544
0.011962512
0.01504148
-0.025067136
0.019437844
0.005121245
0.041198533
0.022510134
-0.021071853
-0.010908048
-0.003205989
0.0131973885
0.016570436
0.02004181
-0.017068911
0.020068433
-0.0027760128
-0.031129593
-0.012298337
0.026488114
0.025960155
-0.0012283359
0.052529976
-0.017408308
0.020064095
0.0072121113
0.020233246
0.01714695
0.014561011
4.301365e-05
0.009288282
-0.013482215
0.027760444
0.020367146
0.01922557
-0.00019739801
-0.01150589
0.022596069
0.027664572
-0.007640761
0.044284858
0.016092207
-0.02940124
-0.019652804
-0.019557191
-0.031304467
0.0015066086
0.0070961327
-0.0102397185
0.0056827697
0.009052115
-0.033149254
0.0067123068
0.003990895
-0.014812133
0.012853157
-0.00029513458
0.029821184
0.0069636204
0.012354811
0.029528923
0.028524501
0.02405397
0.015436742
0.0014023262
-0.005174338
0.019059028
-0.0032669
0.024436733
-0.0058272164
-0.005385326
-0.001020176
0.011507445
-0.0057456624
0.0014046292
-0.019215789
0.01678375
0.023321416
0.014127004
0.006691866
0.0015234648
0.024117086
-0.010257371
-0.04781181
0.024305021
0.03148973
-0.0031708875
-0.02763307
0.04315559
-0.029887624
0.032714605
-0.02776445
0.0026966166
0.006862178
0.0149582
0.025149992
-5.0178733e-05
0.040910833
0.02807713
-0.001786832
-0.022451118
-0.0034147704
-0.019043485
0.021199876
0.016753795
0.018765042
0.03572424
-0.010782547
-0.020801185
0.0017562071
-0.002822407
0.03317137
-0.007440958
0.020870471
0.00396193
0.026506092
-0.0010456459
0.015575725
0.031654876
0.030232077
0.0035175025
-0.013376622
0.010822135
0.008895548
0.01623213
0.021379666
-0.006492037
0.0013344687
-0.011056267
0.0006293715
0.012970681
0.02780904
-0.006638647
0.014380949
-0.010999002
-0.0394379
0.0035891512
0.006392719
0.0030820703
0.0039287647
-0.005919921
-0.016542587
0.021439264
-0.012059699
0.02854023
0.015142561
0.00550459
0.0020515188
0.0032497137
0.0263281
0.016827961
-0.017743012
-0.020529509
0.0107614305
0.012875531
-0.0023891001
0.013961672
-0.028042648
0.00672025
0.051228013
-0.0074559185
0.01777582
-0.0009832755
0.01525918
-0.0073346877
0.025801558
0.028970992
0.019017963
0.0344633
0.025487602
0.01957141
0.012668581
-0.021134758
-0.00853802
-0.026951414
-0.01117738
-0.047977693
-0.01748699
0.009398392
-0.004196151
0.008526792
-0.031517208
0.023267997
-0.026447251
-0.014895226
0.014925165
0.017973024
-0.0218186
0.023142898
0.015847515
-0.00054607395
-0.0035934793
0.027335024
0.015951034
-0.0023211387
-0.008481076
0.02433313
-0.0054831537
0.020753507
0.0033986648
0.027812278
0.015404836
0.015133609
-0.01332829
-0.01750776
0.0059791766
0.010554483
-0.004682481
-0.013391951
0.006422357
-0.023194574
0.01680083
-0.0051958
0.00485719
-0.024069643
0.04095294
-0.012138387
-0.026381103
0.009551404
-0.01675817
0.02796002
0.032539096
0.0142641775
-0.0014437342
-0.03086845
-0.021011299
-0.03093404
0.031087305
-0.039845083
0.016152732
-0.020531753
-0.027584273
0.01405226
0.006094003
-0.011530281
0.009453846
0.013141022
-0.01145071
-0.012612298
0.0013336085
0.015725141
0.008768869
0.028446466
-0.020794777
-0.0038209741
0.025031738
-0.006978137
0.052566756
0.03161692
-0.002680445
0.03067088
0.0034508442
0.015525885
-0.031351823
-0.0041086143
-0.012004213
0.009725134
0.010455562
-0.012361878
-0.0006403039
-0.0027552058
-0.0026607302
-0.016290039
0.022983849
-0.0052133743
0.03263012
0.0077461977
-0.0018137291
0.008253867
-0.0009913936
-0.02330227
-0.01259527
-0.0040630843
-0.01833335
