0.036162112
0.019884443
0.0051677213
-0.018371167
-0.005483406
0.019102823
0.020858053
-0.014986423
0.010173848
-0.01886863
0.037388295
0.024176354
-0.0102963615
-0.010957939
-0.007083676
-0.016044497
0.01729281
0.004847291
-0.0030229867
0.015079336
0.013611614
-0.0045322357
0.028148057
-0.005666198
-0.0020265728
-0.016335644
0.019874142
0.014036338
0.025081273
0.026601212
-0.022054555
0.005618617
0.028141918
0.034318604
-0.0028025848
-0.015124042
0.00021554242
0.031856235
-0.0036462306
-0.0011829333
-0.023332134
0.019188525
0.00017755778
0.032580018
0.0033507128
-0.01442535
-0.009305784
-0.0065456224
-0.022535946
-0.01365978
-0.018229214
-0.009562355
-0.013223319
0.016032787
0.0019415163
0.033146303
0.006561359
-0.013861052
-6.588758e-05
-0.0008622408
0.0011118534
-0.004741007
-0.0055349236
-0.008184842
-0.017754924
-0.0097192
-0.0035642227
0.012538342
-0.007418485
0.011590954
0.01154843
0.0118934475
0.0056200125
-0.005292192
-0.009491212
-0.0037813743
0.0058624716
-0.015534476
-0.007933441
0.022468256
-0.0106656775
0.0058279755
-0.005619327
-0.021764481
-0.008121121
0.00882104
-0.030740064
-0.027606426
0.0012247108
-0.0068878634
0.0052603898
-0.008019822
0.013418397
0.0077860556
0.013887453
0.014067603
0.017612103
-0.016395733
0.019375892
0.019006196
0.0030909928
0.0069036987
0.016574457
0.013839115
-0.017681565
0.02000317
-0.010352862
0.012212876
0.009401412
-0.008701004
0.013277887
-0.016781224
0.005643058
-0.011726726
0.0017579918
0.03743517
-0.0012553901
-0.0023192388
0.003733634
-0.0019614575
-0.013499334
0.0013607412
-0.011365123
-0.008974448
-0.013280126
0.0003836693
0.025546521
-0.03014652
0.00062826544
0.006347299
0.015215431
0.0010614466
0.001203521
-0.004117567
0.033527434
0.0046225367
-0.012222927
-0.013120513
0.013484
-0.01528615
-0.021107929
-0.006609695
0.029536776
0.01543703
0.015892053
0.01958969
0.0005891512
0.00058079575
0.0036442396
0.019763844
-0.0044567846
-0.015165611
0.004235969
0.008609894
0.01424525
-0.0007625925
-0.020488467
0.019953262
-0.01143716
-0.0063711028
0.012918229
0.038350925
0.025432864
-0.0030266254
-0.0013137866
-0.0065584583
0.028859422
-0.00048668985
0.004149416
0.0017546002
-0.009623575
-0.014507582
0.008583853
0.0027319905
0.014210778
0.018749943
-0.006863739
-0.012190958
-0.008487824
0.006135457
0.00048282224
-0.017826444
0.013205888
-0.00017238046
0.008087926
-0.012032254
0.012946319
0.019824592
-0.010105224
-0.004772237
0.023986286
0.007076182
-0.016900478
0.0018293768
0.0026218612
0.0064252084
0.019825978
0.023071961
-0.010598694
-0.014213334
-9.0065776e-05
-0.0010948281
0.012973331
0.024009563
0.0015394662
-0.0077331127
-0.01119677
-0.016266692
0.018481895
-0.0052649793
0.018087834
-0.010937149
0.01038986
0.027059486
-0.0016974253
-0.0034525304
0.031541903
-0.003255416
-0.010984919
0.006259006
-0.002473736
-0.019945046
-0.02392868
-0.011533046
0.0025192532
0.011024681
0.006183687
-0.015893403
0.0012033893
-0.006268548
-0.004862659
-0.0054721637
0.00848781
-0.021391464
-0.009651851
-0.0013309285
0.012355148
0.021306492
0.0023888538
-0.008033588
0.011308294
-0.016132751
0.017444566
0.008191073
-0.0032783758
-0.0077475123
-0.00679271
0.0011287571
-0.01639933
0.0026680892
0.0044725863
0.014351479
0.008083831
0.005269575
-0.007914589
0.011559933
0.0026876675
0.0012945344
0.03455578
-0.013729913
-0.010718886
0.0012408032
-0.0016659476
0.00091823895
0.001157103
0.0022558835
0.004511424
0.02001616
0.0026745098
-0.00015941108
-0.00048322638
0.012647479
0.010659495
0.0057994095
-0.0054204036
-0.016932506
0.008548791
0.008881477
0.017294869
0.03178779
0.03415366
-0.0035329764
0.01731743
0.001502666
-0.014963299
-0.008002274
-0.013646175
0.022396572
0.004094055
-0.0051900726
-0.015028334
-0.02271706
-0.00028932764
0.010489139
0.032289278
0.003558951
0.0007357928
-0.010944407
-0.008597885
-0.0020302734
0.014940699
0.02827496
-0.033867054
-0.014089747
-0.001667285
0.006658441
0.00580691
0.000681995
0.007157933
-0.02312427
0.020258829
-0.0100926
-0.00318633
0.016423028
-0.01185316
-0.027135506
-0.0035733131
-0.004813832
-0.021451654
0.025269996
0.004418741
0.020754019
-0.0043918225
0.011809466
0.009244361
0.019532952
0.013699073
-0.01119015
-0.0047144275
0.022222586
-0.0060741534
0.020231862
-0.00652353
0.00643491
0.028905924
0.011729035
-0.010943028
0.0028785693
-0.0048148665
-0.019183768
-0.0016229701
-0.0075026527
-0.013510057
0.012457173
-0.0036085274
0.022674818
0.01973577
-0.016737372
0.008565334
0.012230668
-0.02081408
0.00033395094
-0.019843224
-0.010895827
-0.021271199
-0.009109239
-0.0088716475
-0.0071171448
0.02294549
0.01580531
-0.0043483353
-0.007206345
-0.0020101136
0.004621931
-0.0026050082
0.017292527
0.03650831
-0.0037522449
0.02343398
-0.011301782
0.0061385175
0.008767283
0.030181568
0.035065815
0.018091587
0.0062688063
0.009339412
0.025354352
0.016054604
0.0015094021
0.015606437
0.032377597
0.01109259
0.016935179
0.022448387
-0.008787401
0.023047142
0.022408146
0.010478457
-0.007292887
-0.006631294
0.021702519
-0.023235667
-0.0057205227
0.009459824
0.0067638033
0.009017955
-0.0048516267
-0.026566895
0.005223309
0.004964598
-0.011065892
0.013277202
-0.020577049
-0.0036591988
-0.0037332324
0.009311962
0.018426947
0.0035345422
0.003923713
-0.0036917662
-0.003675165
0.004536565
-0.0021413374
-0.006811089
-0.0047017997
0.011549675
-0.0048236647
0.008405394
-0.006570802
-0.01944105
0.012610246
-0.006053136
0.01163829
0.012979729
-0.009201421
0.02732262
0.0023442218
-0.013610465
0.009390498
-0.0005807024
0.007914369
-0.0013861447
-0.012124468
0.028443621
0.010637566
0.0063660988
0.01178109
0.00849411
-0.010177762
0.0024017803
-0.0030011628
0.0042845034
-0.011059798
-0.0038436884
0.029042656
-0.013402164
0.003356316
0.009710622
0.015390224
0.0076820143
-0.015006266
0.01734977
0.050296657
-0.0096475445
-0.009468486
0.011103984
0.0034884799
0.03636718
0.010036329
-0.009406278
0.028535102
0.004201682
0.008003393
0.014521778
0.014426318
0.025089966
-0.000877809
0.014181637
-0.004536935
0.0036561815
0.011547566
0.022647582
0.025306845
-0.0042661102
-0.01020955
-0.028158002
-0.0077213827
0.019466707
-0.0040403483
0.03706274
0.0061736098
0.026680801
0.03177574
-0.0074672243
-2.192655e-05
-0.022487316
0.00017016147
0.0014750074
0.011295456
-0.012949236
-0.019796057
-0.008562459
-0.002338518
0.022324244
-0.002793163
0.010806889
-0.025513764
5.428726e-05
-0.015941294
0.0075575463
-0.010272084
0.013435965
0.014080394
0.0023507327
0.0020644255
0.009448721
0.02231575
0.047339056
0.026112342
0.019620107
-0.012425681
