0.9037131313391289
-0.0031205149351788866
-0.006593798077233984
0.008271222385541916
0.11207838445706034
0.003824413825205318
-0.014473833184696484
0.0011101901772181556
0.01829314635884753
0.012950285710649153
0.14076391069870126
0.0
0.0
-0.00012185721898013884
0.037549165733426135
-0.2538557308165913
0.6268476149017765
-0.365732970322048
-0.04562052547911787
-0.031786347155445836
-0.028801912203824182
-0.3009196884777345
0.6306463048326469
-0.3262106763228773
0.03612280015401233
-0.015981589578386156
-0.006178835160739123
-0.006962411682955047
-0.0009174393045198243
-0.027576083755881914
-0.013933823751959892
-0.018190897240396547
-0.023288221205466017
0.008782436070340342
-0.03773555769779474
-0.016959841718288605
0.025419708738055134
0.9052502226005305
-0.003090271701192211
-0.006520159057779231
0.008371598262449603
0.11214740348463212
0.0041524226676345035
-0.015340076299657187
0.0019248451971114727
0.018552827985798305
0.014031755765899441
0.14103569265140947
0.0
0.0
-0.00023569628813079865
0.03755311779592159
-0.25435381646502087
0.6280099291756248
-0.3665645340534731
-0.04577036537755937
-0.03192672393278219
-0.029042028136567404
-0.3013827321772653
0.6315323344908038
-0.32688953361739836
0.036363829838702996
-0.017457604466854123
-0.007691862671117399
-0.0073226266074336065
-0.001572855877403418
-0.027597912394904917
-0.013224793467109794
-0.019173225766597742
-0.025129213027097
0.009095796067471714
-0.039335986230367534
-0.017271648502706148
0.025800399734938424
0.9067812488926758
-0.0030522204162093123
-0.006445730530750523
0.008481828666371332
0.1122140655216045
0.00449302822027288
-0.016255919042528884
0.0027959381960636237
0.01881736374727182
0.015183113978896516
0.14130766549909962
0.0
0.0
-0.00036180542214598016
0.037544492142421254
-0.25485516893008575
0.6291674752179237
-0.3673965413901758
-0.04591426584167236
-0.03207521675752689
-0.02929746800708842
-0.3018435944517838
0.6324060984110403
-0.3275710312672231
0.03660779092470287
-0.01903130541427269
-0.009295112096190616
-0.007704880717926474
-0.0022986801678629718
-0.027593381383729656
-0.01245909930296022
-0.020206331809004448
-0.02706742359029055
0.009420275027260417
-0.04099731161394988
-0.01754772186397538
0.026134405007433446
0.9083053658978815
-0.003005881568841359
-0.0063705974902979025
0.008602558162433984
0.11227798186337462
0.004846030003968933
-0.017224019294504383
0.0037219904710210972
0.019088229120056234
0.016404194119725928
0.1415797429474245
0.0
0.0
-0.000500946608260836
0.037522578572881396
-0.25535981853406076
0.6303194247573435
-0.36822862840086634
-0.04605178087423925
-0.03223224064788255
-0.02956895593347575
-0.30230203013606816
0.6332668287082807
-0.32825472056743
0.0368542370218938
-0.02069848636734486
-0.010987813590175716
-0.008107043783317018
-0.0030948550564165833
-0.027559287762343437
-0.011637155075795174
-0.02129233488332669
-0.02909913878507867
0.00975775677897433
-0.04271985292103303
-0.017780843965355658
0.02641399707652259
0.9098221375791259
-0.002950777450556089
-0.00629486990693831
0.008734406341137611
0.11233924395517474
0.005211529167202757
-0.018246112581514234
0.004704281999420242
0.019362614859602237
0.01769070506844849
0.14185190666359423
0.0
0.0
-0.0006538518307079586
0.03748665250287777
-0.25586792604036185
0.631465204818737
-0.36906052360094005
-0.04618245663603968
-0.03239822277105709
-0.029857227901351924
-0.3027579205303413
0.6341140246929146
-0.3289402188187478
0.03710269912012065
-0.02245592896425738
-0.012771174362481763
-0.008528477070921834
-0.003961272736365795
-0.027492020303320108
-0.01075853880860438
-0.02243209069765513
-0.031221402357800354
0.010109871739927417
-0.04450396193738947
-0.017963586224173128
0.02663254529015983
0.9113309380022389
-0.0028864372878116833
-0.006218671696251209
0.008877978610331065
0.11239788110874155
0.0055893433507781
-0.01932412913660362
0.005741788966136347
0.019640037708051603
0.01904166137697918
0.14212414184757616
0.0
0.0
-0.0008212306158830367
0.037435983599394033
-0.25637958274057987
0.6326041428981989
-0.36989189023786395
-0.04630583468589941
-0.03257358419562467
-0.030162983791426082
-0.30321106738326364
0.6349470664356808
-0.3296270405870202
0.037352645772301615
-0.024301031458990152
-0.014646170569523791
-0.008968483119351863
-0.004897983397064347
-0.027387476588637237
-0.009822278259895165
-0.023623398049248685
-0.03343163837113726
0.010479681073022447
-0.046351250580669225
-0.018089853805671314
0.026784786931612067
0.9128311468367326
-0.0028124055814200202
-0.006142132045166049
0.009033875164561816
0.11245391979191122
0.005979269056845069
-0.020460013989458032
0.006834120746393334
0.019919329381182637
0.02045632718532865
0.14239641956309024
0.0
0.0
-0.0010037656891999074
0.03736983874749666
-0.25689489320393405
0.6337355662137137
-0.3707223467165726
-0.04642145896998561
-0.03275872652626663
-0.030486901454826888
-0.3036612551032489
0.6357653392207497
-0.3303146687546296
0.03760352462745981
-0.026230366895852078
-0.01661337339067949
-0.00942589579404528
-0.005907160061202761
-0.02724240406370605
-0.008828608802461257
-0.02486363981540622
-0.03572719071366049
0.010869140305291257
-0.04826303991499367
-0.018153745995162996
0.026869480163623283
0.9143224365192651
-0.00272823743482512
-0.006065399130813909
0.009202677815163766
0.1125075364890705
0.006381168724322365
-0.021655115643841944
0.007981113933862048
0.02019785070232601
0.02193283386605512
0.14266879529658844
0.0
0.0
-0.001202112276359863
0.03728747482568106
-0.2574140234859244
0.6348589711203326
-0.37155160682015675
-0.046528868617493856
-0.03295402269949864
-0.030829655859653284
-0.3041083610238873
0.6365684180874124
-0.33100262564092825
0.03785479593127684
-0.028239973425140206
-0.018674368260760982
-0.009899382066568112
-0.00699056426405203
-0.027053893601948303
-0.007777224084561239
-0.02614974442823735
-0.038105359579318855
0.011281116687094393
-0.05024051118162792
-0.01814916263120615
0.026885570645044262
0.9158042350609804
-0.0026335049060434686
-0.005988647860433593
0.009384946587517574
0.11255899075106907
0.006794890036950257
-0.022910595154272094
0.009181659101539869
0.020472372728658688
0.023468246968109067
0.14294124067776284
0.0
0.0
-0.001416888226602442
0.03718814951157806
-0.2579370737810471
0.6359736862543552
-0.37237927234554374
-0.04662763397186634
-0.033159847127379266
-0.031191882726498203
-0.30455214093145383
0.637355686487839
-0.3316903105758227
0.03810589604867617
-0.030325298122807754
-0.020828532973669055
-0.010387108350304987
-0.00815118527291246
-0.02682057609431648
-0.0066736178032771555
-0.0274835702966847
-0.040563517079042426
0.011719864078966772
-0.05228660081159759
-0.018071574417981903
0.02683318259009063
0.9172757152413323
-0.0025278087294632197
-0.0059120793189735964
0.009581221709832893
0.11260857600509504
0.007220038559438037
-0.024227688292776616
0.01043321783963085
0.020739896669612335
0.025060899936328422
0.1432136894141307
0.0
0.0
-0.0016486783751389212
0.03707113573589268
-0.25846405578015097
0.6370788694980495
-0.37320485068932324
-0.04671735241659103
-0.03337659364577448
-0.03157419937741581
-0.3049922532061695
0.6381263625917759
-0.3323769853437403
0.03835624946652585
-0.032482422228318264
-0.023071038467071325
-0.010887563160900372
-0.00939102719129333
-0.02653963033444948
-0.005522382754393939
-0.028867210024834302
-0.04309984975991984
0.012187843323739078
-0.05440114819455495
-0.01791302873188681
0.026709488929271306
-0.0162130739271538
0.0691811722105356
-0.044343403672421206
-0.14725243105515376
0.029772817663860193
-0.045603940152181784
0.011012333339630634
-0.0865144723539918
-0.0675110766781432
-0.17442573863469166
-0.009502592356555177
0.03938325127075347
-0.016348393177139774
0.0690357524325372
-0.044556008196408946
-0.14759432882628265
0.029865050360379546
-0.0454870121790517
0.010966697024288787
-0.0868033013174148
-0.06748229809816134
-0.17479053279204512
-0.009476664906683105
0.03933022540990179
-0.01649081969956317
0.06886929251778168
-0.044780847451765186
-0.14794848952314996
0.029957017662993368
-0.04536801403723023
0.010912714769115988
-0.08709849843062002
-0.06744279782837016
-0.17515526559509473
-0.009441441510602921
0.03927649669651802
-0.01664186357153354
0.06868115677299946
-0.04501837914214986
-0.14831495945034123
0.0300488650768495
-0.04524619813694526
0.010850791134547589
-0.08740024215996688
-0.06739194073910786
-0.17552053283531963
-0.009396934473388558
0.03922233597095957
-0.016801905332603013
0.0684698893745211
-0.045269593922188725
-0.14869486940967314
0.03014070981102286
-0.04512167591637559
0.010780300079708514
-0.08770950920022484
-0.06732817781064199
-0.1758870894154264
-0.009343987146281797
0.03916919835017507
-0.016971621730761208
0.06823465887066915
-0.04553497705643391
-0.14908919382029365
0.030232293461973512
-0.04499449993204807
0.010701131732138703
-0.08802641883691875
-0.06725130892577598
-0.1762550703536321
-0.009282168572041815
0.039117311121318464
-0.017150864411502688
0.06797463858676536
-0.04581437226040102
-0.14949960948790722
0.03032309979656012
-0.04486480493944266
0.010612053857803823
-0.08835078312351771
-0.06715952479305987
-0.1766245332566724
-0.009211356066040063
0.039067087187360974
-0.01734111194889345
0.06768874391035204
-0.04610832562458822
-0.1499267284442618
0.030412873956522184
-0.044734078637401156
0.010512072301727361
-0.08868238839826266
-0.06705169928010855
-0.17699637564780468
-0.009131311195894432
0.039018530938216375
-0.01754241735407887
0.06737648478179807
-0.046418037266257414
-0.15037085776727513
0.03050023874842028
-0.04460149405159728
0.01040084973771627
-0.0890210254406332
-0.06692744229339706
-0.177370761425765
-0.009041093335190957
0.03897168551827855
