0.01404380244222419
0.0019146668872502695
0.0026759086434504603
0.0031441905778451123
0.09959410981653291
0.047358286856166575
0.012680267288439488
0.06450669200934783
0.0697111794830182
0.1248400501331006
0.16733087069274166
2.542622985172979e-10
2.542622985172979e-10
0.006816096401338157
0.013879627049173764
0.03779730901259462
0.04050269278761129
0.027342880177454936
0.013438875233914562
0.013232254949342128
0.012646445256973305
0.03503699353158202
0.04008497373524104
0.0268332257762287
0.01330577251117054
0.16750448051670133
0.20234502313558095
0.8020044922150386
1.5105962071010446
0.6910301911465245
0.27782938487337533
0.24691902183968273
0.20912173882907265
0.7340381104733018
1.3676689132326985
0.5156559092761989
0.3050961013942277
0.012581221795695355
0.0019816889959906455
0.002797459056868439
0.0032511711444271453
0.10034128556046865
0.04821725792506033
0.01356534248240477
0.06700446215579868
0.07304528990929496
0.13063581841994448
0.16773271604935186
2.542622985172979e-10
2.542622985172979e-10
0.006979768799447575
0.014035189277604868
0.03784016788138328
0.04018308387186052
0.02732712835605511
0.013657768483289584
0.01358853069215442
0.012826451101150318
0.0350453454873207
0.03999473444345563
0.026870162014938748
0.013580176165460874
0.17376544453227294
0.2077666292071646
0.8048768135379986
1.516636093165353
0.6939757140057287
0.2819555575643205
0.25540462008261966
0.2148805327551858
0.7375660463133825
1.3781461912407909
0.5194578582161966
0.31055836724197955
0.011114968869912692
0.0020533130513113312
0.0029263218113810933
0.0033678533883697336
0.10111104151740695
0.04910357589434738
0.014521566424053634
0.06967084705603487
0.07638560748227993
0.13683531742695376
0.1681346786578604
2.542622985172979e-10
2.542622985172979e-10
0.007155424070166427
0.014200699169396928
0.03788792656549284
0.03987590696749365
0.02731527040888309
0.013885559526051005
0.01396615262282326
0.013017934511231486
0.035059627642979575
0.03993436036646119
0.026913764903094575
0.01386806438797142
0.18045000334698957
0.21359871154954654
0.8078328899703432
1.5228882747990211
0.6970351500631119
0.2862594702433657
0.26423822743426795
0.22105879827343256
0.7412265940507846
1.3888622364021022
0.5233118026287109
0.31626384134535784
0.00964568625127901
0.002129988998333603
0.0030628548760967675
0.003495273612724847
0.10190355688711354
0.05001710299654217
0.015555287056109856
0.07252084661632249
0.07972204511154095
0.1434572759220572
0.16853666868713973
2.542622985172979e-10
2.542622985172979e-10
0.00734405727861089
0.014377027751938406
0.037940928953379915
0.039581937729080946
0.027307519220784948
0.014122599115140832
0.014366303601799621
0.013221831814698198
0.03508030622072028
0.03990525921930651
0.026964170186332324
0.014170035889974935
0.18756233571732459
0.21986835516984615
0.8108693780617149
1.529350734955123
0.7002137412808566
0.2907488019411979
0.2734040037421155
0.22765063416357295
0.7450348847116333
1.399820555499549
0.5272204448640151
0.32220721551967163
0.00817366831774022
0.0022122092240439988
0.0032073996139093505
0.0036345414124680383
0.10271906893111717
0.05095754746509873
0.01667468841108666
0.07558197972956092
0.08307810991854477
0.15051870937595246
0.16893868813601381
2.542622985172979e-10
2.542622985172979e-10
0.0075467114615502245
0.014565114595612234
0.03799949626227623
0.03930179156235597
0.027304053417942398
0.014369253330585592
0.014790194125985845
0.013439134458483281
0.03510785356731196
0.039908670550947274
0.027021462672313225
0.014486688487474118
0.1950931462344932
0.22659774774957714
0.8139866176417151
1.536014462057437
0.7035092186665208
0.2954258467973049
0.28289283003697957
0.23464529819558214
0.7490051931317812
1.4110145547244013
0.5311843825181077
0.3283858349346919
0.006699391545546363
0.002300510330024653
0.0033602848154275803
0.003786838343597849
0.10355764869380907
0.05192431015966698
0.01788835371721192
0.0788718062714091
0.086465417310521
0.157966990116258
0.1693406858803819
2.542622985172979e-10
2.542622985172979e-10
0.007764470721890193
0.014765962352577194
0.03806396538815277
0.03903617026005097
0.027305086152275393
0.014625891974948459
0.015239054444454824
0.013670878186713158
0.03514277582077843
0.039945906754452476
0.027085728608959893
0.014818610533033003
0.20303303188574356
0.23380475496263178
0.8171883104228065
1.5428724514807572
0.7069202234657705
0.3002946004622918
0.29269059503179834
0.24202938750565503
0.7531506305802401
1.4224406560502971
0.5352102906823246
0.33480213264948466
0.005223343283282295
0.0023954770628343476
0.003521831629879813
0.0039534033675123394
0.10441964003275865
0.05291662586503575
0.01920554766421623
0.08240967804641765
0.08989392835351662
0.1657294863241377
0.16974263027080194
2.542622985172979e-10
2.542622985172979e-10
0.00799845338882592
0.014980635804657784
0.03813467545634136
0.038785774496679186
0.027310851051686395
0.01489289856092909
0.01571413380063216
0.013918138127698336
0.03518560889965765
0.040018269332436865
0.027157029800899592
0.015166370138821954
0.21137008652346012
0.24149006727089187
0.8204757949288399
1.549923423419463
0.710444675155765
0.30535901439944907
0.30277776035248444
0.2497842887729681
0.7574815297606912
1.4340973200532887
0.5393064060621436
0.34145677013289555
0.0037457714857580967
0.00249774583370009
0.0036923578337861736
0.004135519349651977
0.10530512900821164
0.05393349209203547
0.020636369710556643
0.08621721130381188
0.09338707184564164
0.1737895732845553
0.1701445415921657
2.542622985172979e-10
2.542622985172979e-10
0.008249805572320511
0.015210262987227226
0.03821194980384105
0.03855119071274285
0.02732155200117034
0.015170668304200696
0.016216685934052438
0.014182025579205825
0.035236893774186304
0.04012692640938902
0.027235383475627963
0.015530517802243467
0.22009007627864757
0.24964577410396993
0.8238507296610111
1.5571724342208955
0.7140826457382264
0.3106231144145885
0.3131340290821354
0.2578897931490884
0.7620073869674469
1.4459749826385848
0.5434845293154269
0.34834384645171607
0.002267162769565932
0.002608003258623657
0.003872186118983332
0.004334498787475003
0.10621434837087457
0.05497389880360412
0.022190877083302845
0.09030927983403081
0.09696670462083952
0.1821336857314788
0.17054639993764195
2.542622985172979e-10
2.542622985172979e-10
0.008519693921861249
0.015456022702873804
0.03829612032531349
0.0383331073499211
0.027337437428288383
0.015459599267545145
0.01674794224163212
0.014463673008110097
0.035297201441519925
0.04027312797700781
0.027320820023751607
0.01591156338983169
0.22917076439618872
0.2582473412694153
0.8273100749845822
1.5646194618616907
0.7178334662881469
0.3160822579561995
0.32373002911181115
0.2663242735842756
0.7667267606639641
1.4580654492025846
0.5477584835886257
0.3554577415623661
0.0007882629013527263
0.0027269841967776853
0.004061654792358072
0.004551682467361167
0.1071476196502842
0.0560366960780259
0.023878832364220035
0.09469160747825474
0.10065570896620053
0.19076829962543776
0.17094811509234314
2.542622985172979e-10
2.542622985172979e-10
0.008809302585443842
0.015719134212400728
0.038387525429256816
0.03813232147952373
0.027358796359820286
0.015760085228349843
0.017309103192542263
0.0147642411784852
0.03536714251739191
0.04045822514845518
0.027413393526064554
0.016309946376910016
0.2385894571937641
0.2672577547724948
0.8308489963672666
1.5722701858643309
0.7217003965462644
0.32173077444964976
0.33454145291435344
0.2750720780111091
0.7716356819877372
1.4703571490507068
0.5521411493118809
0.3627774781096161
0.017652842178307523
0.056307373729063664
0.0684896927611315
0.0584759469620373
0.07836439650588227
0.05559579835623017
0.017659614048836623
0.05982236479705313
0.0735009847829953
0.06248066613282785
0.0727753008780863
0.04698427884792355
0.01770881945411532
0.05651264365150513
0.06859802914783715
0.05853384912949011
0.07847565909855854
0.05569925591039069
0.01773599504573058
0.059942020969496745
0.07364678163149761
0.06259972849548626
0.07289027843919978
0.0470731521679124
0.01776818122875985
0.056733341472977955
0.06871022195193718
0.058595727603667026
0.07858763915975858
0.0558042379568831
0.017816641061334713
0.06006386172108772
0.07379893166602164
0.06271998957605367
0.0730054912325752
0.04716310571298852
0.017831683238222887
0.05697103587588058
0.06882712286234606
0.05866194390157731
0.07870026939068411
0.05591081597658683
0.01790192080128934
0.060188371521352826
0.07395811795404515
0.0628416223962588
0.07312144050354075
0.047254615360174466
0.017899558124590185
0.05722734123869696
0.06894933472878893
0.05873333143195288
0.07881370368089884
0.05601909823948738
0.017992436943048338
0.060315649781036124
0.07412504661380001
0.06296442366043356
0.07323857818854691
0.047347309425750786
0.017972659911300662
0.057503556483798235
0.06907766234417599
0.05881118151998724
0.07892820912332522
0.0561291905423081
0.01808881369582481
0.060446214389460046
0.07430031735707832
0.0630887901816883
0.0733571696303688
0.047441312750139186
0.018051357879130613
0.05780153872976819
0.06921230301130926
0.05889619588450793
0.07904397335865491
0.05624122264000381
0.01819157285420075
0.06058046631844001
0.07448421784890966
0.06321467963121839
0.07347750161994236
0.047537072644004044
0.018136241850769064
0.05812219989282256
0.06935405613606772
0.05898965158164275
0.07916097403179743
0.056355325306844964
0.018301770040553014
0.06071859876046364
0.07467756918124503
0.06334223024733765
0.07360002929517298
0.04763427857943083
0.018227969815610374
0.05846682676375001
0.06950402671855896
0.059092219904530126
0.07927969087504592
0.056471540273797284
0.01841996002333701
0.06086120537839016
0.07488073705874615
0.06347164466857164
0.07372499667522263
0.04773368191324276
