0.34382915
0.6743918
-0.004226862
-0.014010839
0.6556401
-0.032874525
-0.018539373
-0.04289095
-0.0299275
0.64366776
0.64591193
-0.003293152
0.34973946
0.39803565
-0.05622578
-0.041091252
-0.00032233805
0.69312537
0.35491368
0.67793584
0.6549195
0.70954293
-0.012737345
0.35143262
0.6492207
-0.0002242723
0.7317056
-0.18152942
0.69820166
0.31667683
-0.1579601
0.6710897
-0.009387264
0.35804498
0.35132098
0.6468711
-0.018127922
0.685373
-0.0008119528
0.6863424
-0.0856262
-0.02303399
-0.0020478326
-0.00036481055
0.31260753
0.35411662
0.35470584
0.67050964
0.35281968
-1.6908507e-06
0.6742521
-0.033081163
-0.0070616077
-0.014469634
0.65031344
0.35333267
-0.029926905
0.35496503
0.6757014
0.6447355
0.34068936
0.35928237
0.501929
-0.048635308
0.68035
-0.0023113913
0.6502358
0.6597257
0.35142046
-0.004860713
-0.011244862
0.443023
-0.22091645
0.66677976
0.6462611
0.64380807
-0.0062574525
-4.5838704e-05
0.410899
0.6633745
-0.027229443
0.34994784
-1.2789008e-07
0.7369653
-0.061211333
-1.0581864e-07
0.6947476
0.6659844
0.64224017
0.3519099
0.289472
0.3883029
0.6504092
-0.03578476
-0.011570287
-0.020757886
0.3477086
0.4639871
0.36402726
-0.036260333
-0.017860636
0.3514068
-0.0017311806
-0.025222722
0.69227153
-0.19132693
-1.0285487e-05
-3.5650235e-05
-0.14453487
-4.3161545e-08
-0.015371277
-5.6639958e-05
-2.4882955e-05
0.35361212
0.44378915
0.38360006
-0.014341704
0.6780473
0.35058984
-0.012848536
-0.049448855
-0.00027112255
-0.016465083
0.3571115
0.3406556
-0.019498283
-0.0022554882
0.6433755
