0.04548634
0.004163757
0.00783656
0.003104577
0.039702483
0.023109213
0.043380804
0.035685208
-0.026185235
0.011655943
0.039963312
-0.008774734
0.028171396
0.026357796
0.06662901
0.01604351
0.02807515
0.009626126
0.024885857
0.023909323
0.026266765
0.03295808
0.024758283
0.013065938
0.039714806
0.06969627
-0.0058983946
0.014481733
0.036348443
0.027373305
0.027269231
0.036330152
0.022249099
0.010928786
0.046639364
0.05102638
0.0290728
0.037578557
0.035523135
0.03329393
0.0191109
0.030898113
0.042571645
0.012333384
-0.003952024
0.04792575
0.004424281
0.006709495
0.041761238
0.040171027
0.03159176
0.016718827
0.02373614
0.061846163
0.016606066
-0.019276258
0.0673297
0.027466087
-0.0015185294
0.000290427
0.0426117
-0.0062642274
0.036668092
-0.011673663
0.02146038
0.0055871024
0.04048304
0.052909717
0.022325357
0.0098888455
0.008631802
0.0208375
0.02182993
0.03310432
0.023202093
0.034157477
0.01070476
-0.0043894975
-0.000823653
0.04400699
-0.0011080701
0.025487065
-0.0022074718
0.076013446
0.031821102
0.009933204
0.042243514
0.04592399
0.017420044
0.03078807
0.021254197
0.006848214
0.038374312
0.02705578
0.041279342
0.028138759
0.0016230743
0.05988655
0.041088022
0.027892297
0.040420454
0.019916253
0.0014600528
0.0036720713
-0.005620628
0.019112462
0.037012216
0.051059306
-0.001696095
-0.018284753
0.033084713
0.0005753286
0.046577405
0.020722514
0.045221608
0.021347098
0.06262384
0.044611193
0.022740144
0.011527779
0.005523644
0.038793676
0.029531214
0.011780439
0.016950611
0.038390715
0.007989127
0.028419673
0.0038348907
0.031996667
0.022043383
0.03045489
0.014518392
0.017962381
0.019484336
-0.017067252
-0.030767225
0.00084884686
0.03512706
0.07187411
0.03489155
0.0365138
0.0064930785
0.02854232
0.05916028
0.01583446
0.017880129
0.017121831
0.022904508
0.0054234513
0.021909118
0.033968404
0.042561293
0.00041442405
0.01879794
0.011990721
0.016969176
0.019883879
0.035421796
0.025965467
0.033298407
0.036921248
0.012567041
0.010474153
-0.0065209493
0.035638325
0.025762353
0.013660041
0.010266755
0.010701697
0.028225278
0.046813753
0.01091324
0.050250866
0.0033369216
0.025082089
0.049414232
0.052296538
0.019137284
0.016730936
0.034045104
0.058331516
0.009006073
0.057308022
0.051728982
0.012340034
0.0423725
0.049372535
0.0087765
0.002070794
0.03757047
-0.008856354
0.0475547
0.028602904
0.033102687
0.030441536
0.00052755827
0.055438396
0.019088594
0.004060102
-0.027140673
0.011798956
0.023993239
0.04468633
0.059416607
-0.0035206014
0.035650764
-0.006504217
0.01784729
0.034131937
0.04871415
0.03978631
0.039481156
0.017019244
0.028350435
0.022558475
0.052363534
0.038740195
0.011165627
-0.008364604
0.047450494
0.040795714
0.035991058
0.03238908
0.002384046
0.024851123
0.026926948
0.049066182
0.017707309
0.040779267
0.025436219
0.0067165038
0.014077866
0.0005045436
0.055619758
0.025871184
0.038721662
0.010531936
0.036300026
0.054731566
0.003681943
-0.0006248431
0.02739781
0.041865133
0.025155216
0.041672625
0.05478845
0.018433185
0.059665643
-0.0037882421
0.037089054
0.05400206
0.012632132
-0.017029257
0.00026194536
-8.763758e-05
-0.008224283
0.0049620336
0.03310257
0.009938455
0.040085223
-0.012766571
0.05352636
0.036855556
-0.016791718
-0.011926656
0.0141540915
0.033850025
0.04401286
0.017695408
0.043783754
0.076960355
0.013227116
0.008992843
0.0005583048
0.0055620098
0.05901496
-0.0017500239
0.0466913
0.056278545
0.04509405
0.045388844
-0.0019009094
0.001346341
0.020764025
0.02241138
0.061150204
-0.0021558618
0.023459451
0.045025513
0.0023567458
0.06500989
0.012622832
0.044773933
0.034794103
0.004286394
0.041898303
0.024256578
0.033596233
0.010304124
0.038939603
0.018328952
0.013567929
0.038016964
0.010278819
0.0041568377
0.0044703656
0.023188509
0.01872266
0.012593323
0.047314353
0.012806123
-0.010357253
0.023725923
0.03887433
0.029037604
0.05081019
0.028511666
0.05146138
0.04527964
0.016131388
0.028467013
0.043565676
0.009579656
-0.017712845
0.034631774
-0.0003112495
0.011690796
0.048224643
0.05544308
0.03020856
-0.0008908479
0.03525951
0.008797477
0.011252677
0.016053975
0.0009970863
0.0061004576
-0.009737796
0.022674508
0.029983856
0.05084637
-0.018081618
0.022688555
0.042116925
0.03671886
0.04667357
0.02112445
0.009771144
0.03142396
0.04025792
0.05471776
0.0069908067
-0.0005770218
0.018471863
0.044777192
0.009669255
0.011924945
0.044162937
0.02547197
0.03554711
0.017028779
0.059633948
-0.0022309606
0.05167314
0.015308294
0.02218518
0.010343817
0.021891711
0.018577982
0.039192703
0.022292972
0.030103642
0.023285137
0.027443891
0.02055313
0.024687365
-0.005784696
0.035660617
0.028830674
-0.0065294257
0.012396936
0.02686933
0.006394529
0.05046875
0.031007892
0.015290875
-0.0073147463
0.029178476
0.011675767
0.0049133506
0.028925812
0.0049095005
0.03155006
0.018285107
0.048315763
0.04455709
0.007200232
0.013971184
0.037901193
0.0032548734
0.036316913
0.03051049
0.03944114
0.007378388
0.034704067
0.04226295
0.038782544
0.036101382
-0.025735132
0.084159136
-0.0050845384
0.040530168
-0.007874681
-0.0037624803
0.02467293
0.033992656
0.013096638
0.045356844
0.033564962
0.036408495
0.047812115
0.015514754
-0.032768156
0.048683036
0.03391619
0.03234673
0.022941781
0.032310583
0.01415835
0.02102371
-0.0035396977
0.013385804
-0.039382637
0.02666924
0.0014131448
-0.05177422
0.028057698
0.019616751
0.01503564
0.037815474
0.008907272
0.0027457643
0.0068522226
0.048663232
0.033642385
0.008130336
0.034117155
0.07621986
0.01510976
-0.0152316755
0.075260974
0.039529808
0.020384718
0.06040079
0.048016295
0.034964878
0.031690363
-0.0029847228
0.024976278
0.032027915
0.030327125
-0.00014416272
0.0025962647
0.035969872
0.052057803
0.056009047
-0.0020774691
0.005126426
-0.004644896
0.029055094
0.0323724
-0.021659542
0.053364497
0.019541254
0.012129111
0.0071402644
-0.012228654
0.01904108
0.017778527
0.004727767
0.024220426
0.039485544
0.022663089
-0.009863478
0.017319793
0.047195826
0.009631327
0.032601677
0.029573265
0.018626947
0.034153294
0.043238703
0.0039187176
-0.01188166
0.048209082
-0.0022589446
0.016707473
0.036709435
0.013004811
0.014615569
0.034274444
0.041756116
-0.00881503
0.034326714
0.046942998
0.010618228
0.024944015
-0.0080187945
0.038828924
0.007571508
0.031003041
