0.04330648
0.19508937
-0.15080169
0.60376686
0.15768592
0.0562283
0.0009925282
0.0437142
-0.05591855
-0.033180196
0.051929563
-0.054303
-0.12313777
0.07917664
-0.058772616
-0.2052704
0.093480915
-0.31824377
-0.06116046
0.051575627
0.2203244
-0.12869117
-0.4286131
-0.1296136
0.013512596
-0.019762615
0.008877363
-0.00082417397
0.124281675
0.21110393
0.085215315
0.056302387
-0.11797319
0.22942403
0.12906678
-0.25029582
0.021577291
0.10250535
-0.19096543
0.014801217
0.07258875
0.011509996
0.4342234
0.08865118
0.1719276
0.02565198
0.18370861
-0.043350887
-0.12029296
0.07330213
-0.059378777
0.13111855
0.05987273
0.04985043
-0.032851435
0.05769034
0.21065004
-0.017087867
-0.03609265
0.012133643
0.11311777
0.0099412715
0.21940061
0.16328421
0.14738369
0.05807957
0.06828267
-0.06744647
-0.014040732
0.058958977
-0.08135153
0.25353527
0.20963895
-0.10618432
0.07885605
0.0838789
0.0011612037
0.07996
-0.037961345
0.0061272937
0.25310704
0.072478615
-0.0103159165
0.045766328
0.087336384
0.20551285
0.011205777
0.21518908
0.0503868
0.026209002
0.056725264
0.016601074
-0.0060051586
-0.03149991
-0.07029791
0.013624223
-0.0006857537
-0.06409399
-0.10063708
-0.05833293
-0.20546995
-0.053730793
-0.02149085
0.18060274
0.13770603
0.085822895
0.24518555
-0.06784906
-0.026476985
0.04163247
-0.04825381
0.20015505
-0.15390675
-0.010830331
0.16244604
-0.037490025
-0.09859486
-0.001130578
-0.06430803
0.11439265
0.07327243
-0.005898486
0.09589341
0.0037254372
0.018252835
-0.12839139
0.24984439
-0.118955776
0.3064203
0.06348834
0.07389231
0.10409296
0.26080066
0.011553312
0.33905095
-0.03465525
-0.062422782
0.08196562
0.023436477
-0.0048425146
0.03742211
-0.010469007
-0.083143935
-0.0012613883
0.068099596
0.029025424
0.0719967
0.009946445
-0.07131211
0.010385979
-5.6353154e-05
0.23413715
0.22917514
0.10903138
0.24586599
-0.20024447
0.13136135
-0.020063344
0.120154314
0.04523767
-0.010661023
0.3465656
0.013459173
0.07002954
-0.040155217
-0.055278268
0.016161947
0.059268754
0.018343396
0.3081945
-0.082692355
0.038654175
-0.030949516
-0.12509485
0.27753368
0.09762112
0.015562875
0.031885974
0.00033505243
-0.037567053
-0.1444581
-0.31683177
-0.028766694
0.12818953
0.74748844
0.1002953
0.092819914
-0.023090158
-0.0076209595
-0.049892843
0.029835397
0.12325266
-0.04392415
-0.065628484
0.12308807
0.24755387
0.03315281
0.11178284
0.27244064
-0.057429638
0.48410648
0.08868363
0.02645104
0.058563776
0.12711199
0.013692635
0.18029435
0.14167331
0.09222264
0.13424078
0.26976967
0.033802025
0.14477716
-0.13087082
-0.11151384
-0.05212996
0.05494707
0.06748039
0.08529308
-0.020521613
-0.06667343
-0.09468307
0.033439796
-0.05413433
0.5953025
-0.00010909017
0.08248489
-0.001100263
0.11601783
0.00867304
-0.05710664
0.033716317
0.22417292
-0.110614024
0.09960519
0.044754215
-0.097549595
-0.052838165
-0.095413834
0.25079304
-0.060275193
-0.065710135
0.046409484
-0.025283346
-0.00044280489
0.18594736
0.1965254
-0.069398746
0.10917529
-0.12946306
0.17121077
-0.011444759
-0.04474805
0.0053328597
0.06840305
-0.29819283
