0.055347573
0.015821168
0.0060301707
-7.244244e-05
-6.005329e-05
0.0378062
0.013645581
-0.0047172783
5.502978e-05
0.02021074
0.021041404
0.00995333
0.009894796
-0.15363728
-0.00043774743
-0.009990296
-0.0042545423
0.05209447
0.058742806
0.006961049
0.051194955
-0.011389128
0.012724025
0.017335964
0.017991344
0.006122047
0.008970695
0.0064419466
0.014182336
-6.0054612e-05
-6.1033334e-05
0.0036715395
0.05838896
0.017953245
0.022212153
0.0082948115
0.0089692455
0.014464004
-0.0028681252
-0.00019348075
0.0559214
0.056552596
0.015787909
0.019301776
0.015920807
0.05242973
0.05552554
0.021900527
-0.0002514416
0.008483137
0.057504993
0.037149098
0.02903116
-6.0054484e-05
-0.0003175258
-6.0052113e-05
-0.00028555669
0.017295321
0.012724168
0.055907473
0.010879969
0.052933753
0.053915128
-8.029358e-05
-2.0857799e-05
-0.00011426869
0.007995209
0.021265911
0.0011155768
0.0134109985
0.022323268
-0.007382189
-0.00026764596
0.057725444
0.07509294
0.015632195
0.02927478
0.016211297
-6.005403e-05
-0.014477796
4.7987964e-05
0.01097614
0.014852781
0.0540479
0.01540015
0.0054301554
0.021940937
2.054808e-05
0.055140246
0.05447603
0.017738188
0.04820702
0.05551147
0.011619427
0.10783981
0.01621864
0.012156665
0.01889197
0.013909792
0.12027857
-0.01180991
0.026669635
0.017911818
-0.00014464841
0.0050717006
0.02806683
0.018258208
0.016358402
-6.004489e-05
0.05717813
0.033363137
-0.006310799
0.058162883
0.06641366
-6.0054765e-05
0.056657538
0.045112547
0.015774988
-0.00016546836
-0.0017325546
0.0078030457
0.021740086
0.05332533
0.05510691
0.015111816
0.01142423
0.020050453
0.02134625
0.05854737
0.002152705
0.10448195
0.012634706
-6.004904e-05
0.013292317
0.021767732
0.07392826
0.054966416
-0.0001559949
0.020879623
0.01707132
0.10152781
0.035949003
0.0019159818
-6.0054535e-05
0.058592003
0.0043736775
0.055110525
0.053332973
0.042481724
0.10168894
0.009109737
0.05499939
0.031057203
0.022432264
0.05360245
0.0033659092
0.0158024
0.019662699
-6.0054284e-05
0.0101655815
0.011295566
0.057839833
0.019716507
-0.012915048
0.049234178
-6.0048158e-05
0.02039601
-0.0071552005
0.046082854
0.10341721
0.051277913
0.010439194
0.02175087
-6.0054386e-05
0.015001881
0.039225534
0.0054092626
0.03890312
-6.0054543e-05
-8.289023e-05
0.010699281
-6.005235e-05
-6.0367893e-05
0.04896956
0.0069375955
0.0049058027
-6.77327e-05
-6.547134e-05
-6.0054022e-05
-0.006391078
0.022021737
0.02178614
-4.7673064e-05
0.022196105
-6.0054303e-05
-0.0017018444
-0.013867687
-0.01558792
0.021417687
0.012702615
0.055061843
0.021802425
0.05571412
-0.00031433726
0.022328306
0.07808938
0.059824724
0.016028237
0.05283185
0.007013097
-6.005471e-05
-0.008643952
0.014393776
0.052030932
0.01970031
0.053937864
0.0153973065
0.14982183
0.06774094
0.00020784095
0.017030498
0.03923406
0.012014765
-6.618651e-05
0.014959464
0.05617371
0.021465627
0.01683045
0.014161369
0.011236508
-0.00014343613
0.052668266
0.0141686825
0.014804839
0.017511282
-0.00025977276
-0.005671084
0.00045380206
0.007963838
0.004661284
0.0097086625
-6.0053957e-05
0.054122258
0.06632012
-6.0054455e-05
0.009686304
-0.00068764697
0.020644218
-0.01051542
0.022120165
-0.0005218389
-0.016698532
0.020376064
0.003970259
0.022304725
-0.0002633722
