0.060960006
-0.00019710069
9.511491e-05
-0.00026512844
-0.010532319
-0.0002155057
-0.0060629696
-0.000491901
-0.00041143573
-0.00021286702
-0.00015042041
0.02867513
0.048743248
-0.00026109166
-0.012891087
-0.01253733
0.030430866
0.011120176
-0.0129840085
0.007690297
0.02920427
0.01180506
-0.0024176855
-0.010988387
-0.004015454
0.041979052
-0.0002548653
-0.028521053
-0.00043537485
-0.000359665
-6.764323e-05
0.008618781
0.027504567
-0.00025669232
-0.006055492
-0.00021428455
0.014520923
-0.00013139842
-0.01439365
-9.896504e-05
-0.0001315144
-0.010894768
0.048703935
-0.0004081939
-0.0003642097
-0.00025113407
0.026326051
-0.021074485
0.018614195
-0.011977153
-0.00028441547
-0.003217532
-0.00865372
0.018254673
0.0047572306
0.0039944774
0.011535693
-0.00018018554
0.012715223
-0.0011742369
0.0043918104
0.017641485
0.006202524
-0.00030716002
-0.00029927364
0.012959668
-0.00028017416
0.0020318886
-0.018942708
-0.01645957
0.021829639
-0.0114533985
-0.00024761347
-0.019548403
0.020111436
0.007293431
0.024928112
-0.00040412456
0.011379678
1.6856329e-06
-5.993043e-05
0.011892471
-0.010622919
0.0088241575
0.06385834
0.00020063853
0.032771066
-0.03602085
0.0071273185
0.006156406
0.045399956
0.034373485
0.043320395
-4.7867674e-05
-9.57333e-05
0.02489095
-0.000594936
-0.00038972497
-0.0002864744
0.011193885
0.0013698678
-0.013779367
-0.004835358
6.0655373e-05
8.0088575e-05
-0.007733344
-0.0008709562
0.013874787
-0.009082277
-0.018977812
-0.0005027964
0.028355107
0.014855383
-0.018902672
0.004239994
-0.0005819885
0.042426974
-1.5825466e-05
-0.00026923628
-0.00038941432
-0.0026932764
0.03676905
-0.00037464531
-0.0004155345
-0.008845223
0.010408787
0.056002215
-0.00010586401
-0.00077534106
-5.740136e-05
0.013362937
-0.024455981
-0.013566379
-0.0001130318
0.0715598
-0.0003107765
-4.310207e-05
-0.015330183
0.031874433
-0.00018324664
-0.009914166
-0.001821252
-0.0131082665
-5.4872435e-05
-0.0052141603
0.018706063
-0.0076184105
-0.026206216
0.011298174
-0.0002551598
-0.00047336236
0.01163647
0.0033037972
-0.011826573
-0.0004809939
-0.0003240239
-0.0003262301
-0.00037450515
-0.0003342477
-0.00018311264
-0.00035421198
-0.00019778855
0.014266398
-0.0004055504
-0.00032773672
-0.00059853465
-0.00078436075
0.02817474
-0.0075068125
0.024191
0.04874409
0.0006269647
-0.0003631279
-0.0002495577
0.002153504
-0.00013674727
0.035350766
-0.01857744
0.052810166
-0.00025776963
-0.0003166299
-0.00042116654
-0.020072108
-0.00030058512
-0.0002893149
-0.016585441
-0.02230716
0.0020990144
0.016243815
-0.00019890336
-0.00025037077
-0.0002346406
-0.016619403
-0.00028174632
-0.00030737458
0.061748687
0.005265083
-0.021200832
-0.003413259
-0.00025655873
0.0023900743
-0.00025933745
-0.021567663
-0.01661765
-2.6573822e-05
0.006966386
0.050679848
-0.02243864
0.02509445
-0.007342732
0.005583232
-0.00031489253
-0.012671021
0.012911101
0.0041266107
0.0592407
-0.019145917
0.0639066
-0.004506204
-0.00021559739
0.022693036
-0.00046228463
0.0062051634
0.014090834
-0.0002499933
0.024844546
-0.017458811
-0.00021014495
0.07994106
-0.019395659
0.0012597996
-0.00018458792
-0.00030966412
-0.0001034283
-0.015658727
-0.00027563286
-0.0006174691
0.0017542094
-9.77876e-05
0.029016186
-0.00029490454
-0.00015028214
-0.000121694036
-7.666134e-06
-0.00056275836
-0.014585173
-0.0002319226
0.040429603
0.0042267363
-0.0032150515
0.014424616
-0.012398979
0.036627017
-0.0006730173
0.01779667
-0.027913725
