0.009607409
0.046120413
-0.01765707
0.009322657
0.010405249
0.010347565
0.041150525
0.010127081
0.007950325
0.04574156
-0.020518482
0.010417499
0.01054432
0.009588539
0.037904352
0.043762997
0.010160283
0.01032819
-0.0008093316
0.010659906
-0.040351134
0.046209674
0.030661667
0.010311675
0.02067631
0.01078187
-0.0051370044
0.010615689
0.026808241
0.011262161
0.009802119
-0.012303624
-0.0005679496
0.010467614
0.011675018
0.010057175
0.052640412
0.030307673
0.011203906
0.010632114
0.043450832
-0.021533389
-0.0008406134
0.033632796
0.010392929
0.020741086
0.010794595
0.009665292
0.036323454
0.007490628
0.009985592
0.010745511
0.0113879545
0.0113817975
0.010358524
0.060051553
0.01114969
0.010312502
0.010050107
0.0110599175
0.013043768
0.010678677
-0.024093712
0.024896136
0.010751778
-0.027892267
0.010360077
0.011003056
0.009830145
0.01152976
0.010449231
0.009915855
0.01854996
0.039494764
-0.01634832
0.0063195187
0.010206117
0.009972338
0.047457553
0.047362216
0.010642341
0.010473343
0.010628609
0.04100692
0.039200395
0.033867966
0.020477643
0.009987175
0.014709681
0.004937193
0.00989673
-0.013131925
0.009842183
0.04903676
0.010544125
-0.017988348
0.009457614
0.010383574
0.010620938
0.041126605
0.011058237
0.0102596665
-0.003358468
0.047201674
0.010569587
0.013332493
0.009613472
0.009551478
0.038485903
0.020874247
0.07832654
0.05006481
0.02009885
0.01091547
0.011030152
0.043252677
0.011776843
0.010274752
0.009864867
0.010801514
0.050137106
0.0107764695
0.009875156
0.009950358
0.011252637
0.03998134
0.010405897
0.010177889
-0.00032563752
-0.11077912
0.040278465
0.011383307
-0.020050518
0.0099323075
0.028486608
-0.0012632154
0.011189754
0.010841332
0.011015155
0.017752916
0.01034231
0.010913476
-0.0042862045
0.0107398955
0.05185053
0.010325131
0.0013870606
0.010262445
0.01007026
-0.008896148
0.02019213
0.010401356
0.010465526
0.04145365
0.010299643
0.011220328
0.011200197
0.011063834
0.010632023
0.010245643
0.03469849
0.041482802
0.011283463
0.00070806645
0.056424465
0.010540759
0.010995708
0.011314374
0.051051706
0.01089655
0.031989027
-0.0042026034
0.009722619
0.011136825
0.011699896
0.046281587
0.010967967
0.010176245
0.011057346
0.010848326
0.036041263
0.010545627
0.011181689
0.03481132
0.030825686
0.011467245
0.010511027
0.026491957
0.010399122
0.041166734
0.011053343
0.010036922
0.037581813
0.010763558
0.029729908
0.014674915
0.035254493
0.0111081945
0.008679813
0.010469651
0.048408754
0.012158073
0.010688881
0.010407757
0.03313634
0.01163413
0.010697179
0.009452102
0.048704628
0.03431017
-0.0012496072
0.010100077
0.025441654
0.00962846
0.035747826
0.010634835
0.04491886
0.010443775
0.03282122
0.00479398
0.009874296
0.00942621
0.0103146555
0.0076862387
-0.050135683
0.024971364
0.010328517
0.030114613
0.021828167
0.010847584
0.010267408
0.01048513
0.031896535
0.0101796435
0.0076452056
0.005072232
-0.02288216
0.04054754
0.010555406
0.010039872
0.025273507
0.010441017
-0.03554179
0.010799546
0.011533478
0.03832904
0.009977059
0.010324044
0.024813747
0.010386197
-0.002557012
0.026040493
0.010973065
0.025733732
0.011761341
0.010275223
0.009786591
0.010076143
0.01037185
0.034428623
0.010421795
0.044087566
0.009921138
0.0063520065
0.010982382
0.010706324
-0.025005002
0.005624653
0.03957714
0.010274227
0.010395074
0.009645678
0.011221357
0.009477421
0.0372421
0.011183883
0.010453541
0.040274832
0.011196121
0.04718803
-0.014172439
0.064189
0.031694703
0.011017699
0.01036994
-0.13135248
0.011489611
0.010825381
0.043623973
0.009636601
0.010033261
0.010493992
0.010456338
0.010405661
0.011038449
0.010288081
-0.00038441227
0.03773541
0.009912248
0.011090256
0.011606781
-0.024001053
0.010471455
0.011280415
-0.0004625403
0.010578198
0.029477045
0.045661855
0.010239035
0.01068535
0.044708323
0.031956267
0.009486362
0.010270084
0.010492833
0.053788435
0.012938848
0.010635451
-0.0109692365
0.014201222
0.045355104
0.044514414
0.009886359
0.011278326
-0.00022705528
-0.11023118
-0.0043865703
0.010658894
0.04082328
0.009605072
0.0104115335
0.03539337
0.03477187
0.011340844
-0.008966248
0.010433119
0.051761314
0.011045382
0.0197575
0.010386102
0.010954208
0.03352421
0.022418981
0.03543492
0.010555459
0.011282643
0.006437654
0.01058343
-0.009717724
0.009443601
0.010700422
0.009455127
0.045940317
0.019192584
0.010442717
0.010349583
0.04531798
0.03162664
0.05428842
0.010020294
0.009896222
0.004249791
-0.009055594
0.02023224
0.020672863
0.011000827
0.040883526
0.046508472
0.0131158875
0.02603651
0.010206853
0.01015139
0.010466519
-0.0059433533
0.02512399
0.010964053
0.009374099
0.033015992
0.011119963
0.04003727
0.03431452
0.03446846
0.010662701
0.03811975
0.032742865
-9.4794246e-05
0.011298067
0.010626528
0.01049542
0.010534595
0.010834389
0.042720173
0.04202335
0.010744644
0.0040326654
0.030101005
0.010627457
0.010564445
0.058549415
0.009262554
0.040302023
0.011018938
-0.10735174
0.010173836
0.02393249
0.0015187907
0.010671192
0.01027481
0.028536212
0.010275466
0.009765676
0.010715648
-0.002861134
0.027633572
0.010276029
0.045074947
-0.023797505
0.011090331
-0.040356975
0.009751876
0.029177533
0.020481095
0.00945794
0.050706044
0.022622
0.010147694
-0.00046890855
-0.03474738
0.009592408
0.010378254
0.011448237
0.0114671085
0.011451497
0.010737196
0.010939785
0.010265705
0.026346
0.010265068
0.0060714744
0.010734908
0.038143046
0.010660151
0.009883367
0.010477939
0.005026018
0.010811987
0.010401897
0.010605757
0.062055726
0.009893199
0.01024224
0.02260764
0.010357202
0.0109577775
0.010723183
0.05441748
0.0031488414
0.01085886
0.010969566
0.010246235
0.010608235
0.010513829
0.0102703
0.01143914
0.03416739
0.010020413
0.010598644
0.0097305365
0.011219009
0.010214918
0.011327942
0.01062942
0.033227667
0.0103619015
0.010226609
0.04789404
0.011051076
0.04930085
0.010164614
0.011742396
0.050142635
0.009735532
0.010859867
0.010201328
-0.016193932
0.010274005
0.008885688
0.048409503
0.009506092
-0.08168152
0.009354321
0.010569121
0.0104238205
-0.01594932
0.056766085
-0.020550672
0.010172523
0.010706167
0.010396619
-0.008999557
0.03591137
-0.0045240577
-0.0028676817
0.009536358
0.010157085
0.010574317
0.009684097
0.046194557
-0.0022119554
0.006024135
0.010498065
0.04090062
