0.08676395
-0.06003325
0.08859965
-0.05021419
-0.050560474
-0.01371814
-0.05644923
0.06531697
-0.037685055
0.067550465
0.0851474
-0.022902312
0.054185998
0.030629864
0.09144667
-0.047179386
0.060064383
0.09177789
-0.015209907
-0.065681845
-0.06450367
-0.041584346
0.054370653
-0.071942955
0.07608868
0.08518594
-0.04000957
0.08386837
0.047344305
-0.04327541
-0.059248604
0.056937024
0.059953682
-0.04681571
-0.051347617
0.050501842
-0.0014220237
0.0845
0.052964896
-0.050679144
-0.058156047
-0.05823126
-0.07235821
0.061124653
-0.021981454
0.05953787
0.049292654
-0.050799962
0.048622943
0.0645357
-0.06977954
-0.06453965
-0.033996698
0.008631366
0.08085537
0.04130076
0.01687437
-0.0031634846
-0.044124834
0.011358885
-0.019108843
0.08772084
0.06301019
-0.033143274
0.087029405
0.08187165
-0.027598755
-0.066595234
-0.017403973
0.046075057
-0.02442373
0.06776363
-0.038548853
0.065683596
-0.07177141
-0.024907425
0.059790265
0.046505358
-0.07158438
-0.06547184
0.04960303
-0.038943637
0.04509894
-0.05829127
-0.06357789
-0.05933223
0.076899394
-0.048942078
-0.07677143
0.08927967
-0.06024817
0.076310925
0.04271809
-0.03866155
0.078845054
-0.03206732
0.07313974
-0.08467074
-0.050321884
0.06535803
-0.037681904
0.04266133
-0.014532005
-0.07624099
-0.07282591
-0.060373176
0.07512871
0.08287278
0.05650546
-0.052156627
0.074155346
-0.057941157
0.08396317
0.058525216
-0.02716448
0.016819106
-0.010041824
0.028980495
0.09398155
-0.032075074
-0.043699294
-0.04162621
-0.060833603
-0.01899081
0.07579767
0.0839335
0.08249984
0.052030765
-0.008165404
-0.04628217
-0.06301441
0.07046067
0.011279268
0.091904804
-0.07276669
-0.031726137
-0.088650264
0.06643347
0.058479246
0.07537336
-0.05764908
-0.071518555
0.09223109
-0.040947113
0.03767925
-0.051302172
0.06971822
-0.05976264
-0.058791567
0.06422652
-0.054330885
-0.041908473
0.085354336
0.080927044
-0.07407348
-0.048537586
0.049183127
0.054184232
0.06119189
-0.021155173
-0.05563844
0.07961722
-0.050207052
0.052936077
-0.012382271
0.06685844
-0.0381084
0.020553777
0.052175812
-0.06527546
-0.032356083
-0.048729964
0.03347655
0.07619002
-0.052076843
0.07047285
0.05209794
-0.030190002
0.088489205
0.061742138
-0.06782436
0.088566296
0.07342164
0.05033449
0.041339107
0.07990331
0.06899502
0.070295736
0.036611248
0.08989181
-0.012040822
-0.037052523
-0.048876397
0.07435355
-0.026013093
-0.016603336
0.07107515
0.040007338
0.0895261
-0.04748951
0.05722679
-0.053032756
0.055161245
0.061029553
-0.024329651
0.06458749
-0.049142998
-0.06874551
-0.088549316
0.01620234
0.06546214
0.06293219
0.078288324
-0.079808846
0.06286321
-0.0512752
-0.048403203
-0.013139125
-0.059758913
-0.07418172
-0.053607237
0.08457308
-0.060331866
-0.040443197
-0.01865281
-0.039393652
0.06925559
-0.06567339
-0.0019667195
-0.042766128
-0.04678587
-0.063022524
-0.05270699
0.062092856
-0.052335817
0.056837607
-0.04793072
0.034404635
0.047418524
0.016651882
-0.02849458
-0.049384564
-0.04630352
-0.05642758
0.047753237
0.0843686
-0.058428008
0.06863046
-0.076021545
0.07686247
0.05169391
-0.050570697
0.06989821
-0.06008684
0.06885944
-0.060357574
-0.044251867
0.040105596
0.07044071
0.07439363
-0.059554145
0.04545858
0.062069535
-0.038895965
-0.06325252
0.060112678
0.011705067
-0.06248926
-0.023067143
-0.05731162
0.08866505
-0.053489935
0.07736068
-0.02440919
0.07816232
0.055172764
0.05215901
-0.047328047
-0.0823485
-0.059637077
-0.080055304
0.05658164
-0.04903019
0.050165024
0.0857477
0.058220103
-0.07174913
0.044776034
0.05369701
0.04649778
-0.030288678
-0.078627735
-0.04639324
-0.011676708
0.078250036
-0.041742004
0.07840086
-0.06800375
-0.022923546
-0.051990755
0.06585099
0.07548132
0.040760353
-0.0653215
-0.035506193
0.026516652
0.0838498
-0.06578853
0.073538795
-0.07614353
0.010630028
0.07428569
0.09692917
-0.038602076
-0.016954912
-0.05414509
0.08177349
0.005137044
0.046204284
0.070454486
0.042605534
0.08590818
0.042690877
-0.03506568
0.08280909
-0.035653748
0.064577855
-0.034629807
-0.05525429
0.086457446
0.06979584
-0.025060218
-0.052082013
-0.031081494
0.05557734
-0.011457879
0.031105071
0.07787095
-0.02021767
0.054531727
-0.05794223
0.07605434
-0.04587064
-0.04148003
0.051678363
-0.050129216
0.066050366
0.008118232
0.0069850055
-0.027180998
0.071819715
0.032516234
-0.0739332
-0.06514419
-0.05176282
0.06089332
0.06441774
0.085745655
0.05302175
0.078988984
0.06531882
0.051379193
-0.05233755
-0.057421118
-0.06990714
-0.039248962
-0.06797778
-0.015150087
-0.058797237
-0.047008704
0.06605738
-0.03725051
-0.005484553
0.06845342
-0.048073992
-0.030621585
0.04251106
0.04455249
0.052050225
-0.025945596
0.07811255
-0.06450727
-0.04293503
0.06726885
0.04569736
-0.033999458
0.06226722
-0.004158124
-0.005923984
-0.07393028
0.08727287
0.050411284
-0.032362305
-0.054906268
0.037603356
-0.031265307
-0.032969326
-0.06958597
-0.058852054
-0.0013425496
0.055012807
0.05549858
-0.03841342
0.07351736
-0.037820764
-0.025718382
0.11037617
-0.053466342
0.05688989
-0.06538829
-0.06014562
0.098423615
0.00014879061
-0.053248473
-0.05124561
0.04883287
0.073191665
0.06546159
0.08169548
0.083729416
0.064216524
-0.024748528
0.07447353
-0.03876667
0.06679268
-0.04537214
-0.056829896
-0.012569103
0.070882395
0.024568686
0.06069027
-0.064601675
-0.060638905
0.06589796
-0.058963835
0.07192853
0.06639526
0.06544425
0.050249025
-0.042183418
-0.021487208
-0.046667308
0.07674945
0.047094665
0.058645617
-0.03547065
-0.070138626
0.08372312
0.06807286
-0.048352413
-0.029261477
-0.08481725
0.02257857
0.06455522
0.074459106
-0.042734854
-0.04300757
-0.035606578
0.04951376
0.056649003
0.09842063
0.04891946
-0.036365576
0.051865038
0.04333474
-0.037803598
0.06040167
0.08014554
-0.06279141
0.060155287
-0.06629854
-0.068160236
-0.078743
-0.06331205
-0.028621545
-0.058904395
-0.05651258
0.09353895
-0.04547496
-0.074950285
-0.04271164
-0.06539151
0.094527036
-0.04234185
0.090378605
-0.034495935
0.024078643
-0.060287774
-0.04167579
0.05824624
-0.07742201
-0.0745283
0.06201832
-0.05540268
0.06808768
0.10083233
0.07199509
0.062537484
0.100591324
-0.06592643
-0.06919804
-0.053056356
0.026805503
-0.007966807
0.07490541
-0.067062154
0.072727256
0.065875776
-0.035553683
0.066820584
0.05822688
-0.02799534
