1.145956367254257202e-01
2.556315809488296509e-02
-1.065079420804977417e-01
-3.008491694927215576e-01
2.439312040805816650e-01
3.061091899871826172e-02
-2.448953315615653992e-02
-1.051335334777832031e-01
-1.941932737827301025e-02
-2.236033976078033447e-01
3.069634139537811279e-01
4.697649925947189331e-02
1.013878849335014820e-03
2.717829048633575439e-01
-2.238068962469696999e-03
3.552007675170898438e-02
-4.475104063749313354e-02
-5.414667353034019470e-02
1.356926374137401581e-02
-4.310212284326553345e-02
-2.819484844803810120e-02
-1.648196205496788025e-02
1.493325270712375641e-02
-7.178200036287307739e-02
-1.317295283079147339e-01
1.205076575279235840e-01
7.324541360139846802e-02
-8.335661259479820728e-04
-1.784759759902954102e-01
-2.632717974483966827e-02
1.503958925604820251e-02
1.095059444196522236e-03
5.467806942760944366e-03
