0.027304008514956242
0.01233646864059102
0.010749619127134775
0.009624271204344758
0.037928827093589905
0.11396584216990958
0.05440082490895706
0.14539796828033252
0.18161064023355114
0.20602908053774985
0.00840033828159488
2.542622985172979e-10
2.542622985172979e-10
0.016841412289793047
0.011750060855536959
0.04424599015595881
0.11488376344557734
0.06186089715585311
0.03870445317736721
0.016396469077171728
0.014396788400718393
0.06957554925264006
0.15106876069541578
0.06379103189589773
0.0337988636486706
0.2540846744228533
0.18725286949565859
0.5947751636362749
1.28708091952739
1.0310485482838991
0.7243188708898607
0.2131651292682282
0.2006514113928972
1.063891966272067
2.0189623546632025
1.038039678786649
0.4790849819677372
0.024742673170630766
0.01276159972947024
0.011109830467829693
0.009838706074410584
0.03831220010488525
0.1167820875868168
0.056184096565813635
0.14965235859758208
0.1857343652287265
0.21085160030806582
0.007497147334685282
2.542622985172979e-10
2.542622985172979e-10
0.01723056304073581
0.012013436454591667
0.04442370790026653
0.1119188304018588
0.06128966633347769
0.03998827473111802
0.016804835558142127
0.01471762322741636
0.06929413785483308
0.14761354248564976
0.06335704821149245
0.03459698620052468
0.25928485282148794
0.19107407009414915
0.5980860861546895
1.2947572930417741
1.0396685342454948
0.7386406319119481
0.21699201284493158
0.20432969445050353
1.0668688104753923
2.024633690809499
1.0426837501030943
0.4871692096956477
0.02217063725256985
0.013206538412944863
0.011486648403554916
0.010063358541735446
0.03871415884279452
0.11968385766212979
0.05811227691674522
0.15411427688861648
0.19011701691108768
0.21602221994716206
0.006586450476627587
2.542622985172979e-10
2.542622985172979e-10
0.017633880630408796
0.012289107057593224
0.044609467208041376
0.10893457198588793
0.060732505592656146
0.0413272778135812
0.017227840828898566
0.01505207929973193
0.0690167207813316
0.14413837926021023
0.06292792210461381
0.03542578300581364
0.2647110990357283
0.19505890239869025
0.6014169007665097
1.3025857459668904
1.0486298999994155
0.7533079816647313
0.22092067971866658
0.2081641862911626
1.0699351360925762
2.0304630641929657
1.0474549293892974
0.49554840734237354
0.019588698102459164
0.013672288453589714
0.011880950929640357
0.010299139690767367
0.03913499631912252
0.12267105394419818
0.060197079950058324
0.15879694244009926
0.19478343773074974
0.2215630340224212
0.005668250234474835
2.542622985172979e-10
2.542622985172979e-10
0.018051999122818796
0.012577687651844997
0.044803382296395945
0.10593121187192174
0.06019061663235988
0.04272319050234339
0.017665973428496667
0.015400796516993134
0.0687435074028148
0.14064390583627218
0.06250402012358125
0.036286480599003135
0.27037183696372613
0.1992089340621859
0.6047635939669678
1.310562479947912
1.057946985728701
0.7683209172429833
0.22495312022440933
0.21216288033542827
1.073095379518535
2.036457451572542
1.0523579755967312
0.5042227728525046
0.016997717770308337
0.014159909962447047
0.012293675041132816
0.010547047262807276
0.03957505881186272
0.1257430860406641
0.06245116416165506
0.1637153228132479
0.19975843958780667
0.22748448927990383
0.004742552972108731
2.542622985172979e-10
2.542622985172979e-10
0.01848558687460853
0.012879809505739725
0.04500554334268368
0.10290894291145736
0.05966525968323971
0.04417777342461
0.01811973988001821
0.015764441816576782
0.06847470959719965
0.13713079302181147
0.062085720308885546
0.03718033450378865
0.2762746768181777
0.20352635749336193
0.6081242499563648
1.3186832988752235
1.067627305074408
0.7836896521439111
0.2290950602227102
0.21633463447742343
1.0763548496945792
2.0426240973898135
1.05739481182768
0.513201174794346
0.014398612419012554
0.014670523250566425
0.012725819031105845
0.010808171506873422
0.04003431380008016
0.12889941366965665
0.06488777550581176
0.1688853922409966
0.2050676508869545
0.23381180143323488
0.0038093637640490897
2.542622985172979e-10
2.542622985172979e-10
0.01893534792746122
0.013196120652323142
0.04521600777900085
0.09986791575798476
0.05915775684155398
0.045692819506671645
0.018589654367393744
0.01614370605362443
0.06821054247429184
0.13359972807554235
0.061673402335915284
0.03810862353354053
0.28242649131931
0.20800940787342503
0.6114945328885661
1.3269377656906938
1.077681125827944
0.7994227594537757
0.23334521967956698
0.22068646048686674
1.0797169668162827
2.048964187457702
1.0625663839581239
0.522488771978464
0.011792311248116447
0.015205317267529328
0.01317844306325847
0.011083700887480908
0.04051317007446423
0.13213865377515177
0.06751995782298889
0.17432550772880961
0.21073882934791324
0.240563985853556
0.002868671067292664
2.542622985172979e-10
2.542622985172979e-10
0.01940201730550993
0.013527278933130635
0.04543479376853405
0.09680816122905132
0.05866946623617722
0.04727013700164624
0.019076236258410664
0.016539308159733788
0.06795120243396395
0.13005132319412951
0.061267428586399456
0.03907266329264424
0.2888326523346591
0.2126596385426823
0.614873437509665
1.3353231372104797
1.0881183444347575
0.8155261825822037
0.2377057095829798
0.22522835901742008
1.08318539436062
2.055482917271702
1.067872843128846
0.5320908842564731
0.00917979362855906
0.01576555039300858
0.013652676394827907
0.011374924387145121
0.04101198047207182
0.135459298701549
0.07036244744160927
0.18005465352178443
0.2168015021710174
0.24777105857713963
0.0019204585246985326
2.542622985172979e-10
2.542622985172979e-10
0.01988636976873175
0.013873955188797958
0.04566188270217341
0.09372965051922352
0.05820180145635414
0.04891154591139305
0.019580014747461884
0.016951990305201732
0.06769688182895363
0.12648620488984874
0.06086816301021859
0.04007380593018034
0.2955016887072922
0.2174747775603542
0.6182582380206754
1.3438371524288455
1.0989451968692243
0.8319912044261021
0.24218036639254292
0.22996723331340987
1.0867624535267912
2.062190692261545
1.0733132408118038
0.5420178731344643
0.006562224764242734
0.016352566057256303
0.01414972060351337
0.011683240583293194
0.0415309574727953
0.13885874645728727
0.07343038886641227
0.18609666218754148
0.22328679455964692
0.255464472196812
0.0009647509749966596
2.542622985172979e-10
2.542622985172979e-10
0.020389209352966356
0.014236821402112364
0.04589722462668085
0.09063247858438474
0.05775627696466544
0.05061887029094518
0.02010152395815727
0.017382512629660656
0.06744780804409421
0.12290523411119958
0.06047602058208144
0.041113407953630596
0.30243664144230187
0.222448324135875
0.6216489575751892
1.3524728617554047
1.110169228140184
0.8488270191339884
0.24677081210931504
0.23490604912685734
1.0904507542147173
2.0690905500983336
1.0788866177208076
0.5522583258166829
0.003940809147522028
0.01696779706086954
0.014670853334343537
0.012010163221546709
0.0420705637898441
0.1423345556233936
0.07673812325157968
0.19247194682092236
0.23022249380859358
0.26366692707273603
1.5625071269829884e-06
2.542622985172979e-10
2.542622985172979e-10
0.0209113504116791
0.014616553513428157
0.046140723303688666
0.08751662319101125
0.057334426896308334
0.05239390259714442
0.02064127877398342
0.017831655989228545
0.06720419447015774
0.11930920835518537
0.06009140462553976
0.04219280278032582
0.3096345475451863
0.22757478304388087
0.6250424032520376
1.3612305519735888
1.1217888866333976
0.8660129581634043
0.2514770961795289
0.24005422317391417
1.0942511930322276
2.07618032463308
1.0845862602923755
0.5627941592260397
0.025324038800519935
0.12414625764086704
0.16221890443853293
0.11207498216010056
0.128512046869347
0.08195468045102697
0.01990314422408431
0.09721769871984239
0.21770842591175932
0.1560467624280552
0.12586703404012736
0.04974738068918541
0.025429054570588857
0.12454236459088774
0.16249360344050615
0.11228874597589204
0.1289956794451917
0.0822802372153396
0.02001074212489415
0.09768268663031036
0.21798437240411092
0.15641897184299483
0.1262974643645977
0.049920483754321746
0.02553683774192538
0.12494174170536278
0.16277214499039833
0.11250554759269414
0.12948528870895532
0.08261121932860505
0.02012001023487187
0.09815760895310349
0.21826367332417515
0.15680014400614534
0.126734422090239
0.050094932690741376
0.025647563822524155
0.1253435826381788
0.16305499654483013
0.11272560213786954
0.12998079569705506
0.08294733736470838
0.020230828327564353
0.09864214812276392
0.21854605234247151
0.15719072030214495
0.12717761648312192
0.05027095132470123
0.025761403630564582
0.12574778180014634
0.16334255128837682
0.1129489899296453
0.1304817669015165
0.08328906656838701
0.020343251319552735
0.09913604055757592
0.21883148223419166
0.15758995321275004
0.12762734004056633
0.05044883320779553
0.025878481025992165
0.12615308619583937
0.16363571758569936
0.1131753727256501
0.130988315681971
0.08363586486687129
0.020457447820871933
0.09963939532004801
0.21911989350780048
0.157998708869624
0.12808334008589906
0.05062907976254808
0.025999300993590106
0.1265593673690677
0.1639348159709414
0.11340476181977
0.13150057867619547
0.08398799316422166
0.020573311225213137
0.10015183015295637
0.21941102240528101
0.15841611247291335
0.1285458931004831
0.05081185115270224
0.02612365748531724
0.12696580683501418
0.164240669617781
0.11363709497309483
0.1320177568280166
0.08434574517346195
0.02069082017382829
0.10067175264915837
0.21970490309599475
0.1588431347377041
0.12901507946050342
0.05099770369636769
0.026251939638732954
0.12737224192820343
0.16455384987510158
0.11387234651818116
0.1325402618916933
0.08470870532775888
0.02081024265690042
0.10119980153456397
0.2200012219117258
0.15927903840334254
0.1294907926267463
0.051187124820647543
