0.8227331439876353
-0.012839622336919931
-0.020775781720524543
-0.016367940989810502
0.26390300839559644
0.052319078341477615
-0.08508487352294967
-0.017289106623791836
0.0317528407420631
0.00240515903902626
0.482593472942937
0.0
0.0
-0.011791153525840427
0.023636294744425024
-0.3044572605873622
1.0520696629572848
-0.582973424715736
-0.036147487122551065
0.007443648170517944
-0.05604342251721366
-0.46426210235386045
1.1148228258812292
-0.5153867921664119
0.09076236701231646
-0.024232759222398436
-0.0026710774557123186
-0.019202895052287845
0.2668822376455239
-0.061142552144583195
-0.09213490466327946
0.033695285200884655
-0.07191396357642162
-0.03476234968862864
0.24382210632290952
-0.09294452230282796
0.12711540463333248
0.8255423101562276
-0.012971602450495055
-0.02050125504130525
-0.01635574634224664
0.26516966023341515
0.05305873329537341
-0.08767820379677344
-0.017584141611816054
0.03362779945679287
0.0030065801720144765
0.4845269882169288
0.0
0.0
-0.011997066538980758
0.023783095866398662
-0.30618795287175443
1.057446236143859
-0.5851890742269247
-0.037056648368956405
0.007711244899201467
-0.05662936056501349
-0.46612005700805187
1.1200468311964125
-0.5178822986759762
0.09179113552146449
-0.025773743069600553
-0.002596283135326757
-0.020542113685715936
0.26882007043991263
-0.05976514054904032
-0.09465615675173411
0.03438215924191417
-0.07334591845930408
-0.034592610692722875
0.24541802387667006
-0.09513489046282242
0.12892552274197927
0.8283318121683229
-0.013105089344281236
-0.02021344414265677
-0.016338927513055653
0.26644460593797226
0.053809121637912294
-0.09037319660248416
-0.01787827209698931
0.03558587974582378
0.0036310745173467594
0.4864605645138707
0.0
0.0
-0.01221567385736352
0.023930522773448516
-0.30792938884158266
1.0628378721100864
-0.5873932116038317
-0.03798599430143279
0.007984314537745342
-0.05722696447788503
-0.46797663492575475
1.1252834071770565
-0.5203955917055967
0.0928344694494861
-0.027383810573960866
-0.0025188160190670887
-0.021869770109822245
0.27069329371299805
-0.05828524467655306
-0.09717900627969167
0.03506788173825526
-0.07482515240043798
-0.0344059911535295
0.24700477175005053
-0.09737306525216446
0.13075993389226626
0.8311008632111967
-0.0132400049216679
-0.019911796401575897
-0.01631724112435322
0.26772742734745253
0.05457001607645373
-0.09317349046226048
-0.01817211711242435
0.037631322852973006
0.004280581318937337
0.4883941949686848
0.0
0.0
-0.012447533380648888
0.024078603683905
-0.3096814460660693
1.0682440172425063
-0.589584994802246
-0.03893551946679388
0.00826284940052771
-0.05783661031759838
-0.4698316930365062
1.130532474452615
-0.5229270479550697
0.09389256367205152
-0.029064243647435345
-0.0024370672852027137
-0.023180627593416075
0.27249604240815345
-0.056699493428779904
-0.0997008481680255
0.03575268044902178
-0.076351492501089
-0.03420105885992651
0.24858196822779993
-0.09965843800621844
0.1326185629957014
0.8338486342099929
-0.013376262351165935
-0.01959572817416088
-0.01629042751115988
0.2690177978130731
0.05534103818092231
-0.09608293275751582
-0.018464890805774768
0.03976931600078568
0.004955501854195899
0.4903278650884182
0.0
0.0
-0.012693204924115468
0.02422737870700373
-0.3114439634849202
1.0736640762366094
-0.5917635580118552
-0.03990519710602652
0.008546840849366256
-0.058458678760409485
-0.4716850796244245
1.1357939460286188
-0.5254770436245803
0.09496560007954331
-0.030813916430533113
-0.002349953671703157
-0.02446943977041703
0.2742226985366817
-0.05500424221970056
-0.10221824688861442
0.03643615600417536
-0.07792541752688607
-0.03397704332846777
0.25014852952207445
-0.10199076803041571
0.13449914047124403
0.8365742757836391
-0.013513764583022798
-0.019264629637751992
-0.016258218128522385
0.27031523279876296
0.05612182213035131
-0.09910538747934033
-0.018757220649965715
0.0420036130846921
0.005655789405427201
0.4922615634312671
0.0
0.0
-0.012953248926718508
0.024376895678881447
-0.31321673198426453
1.079097396427876
-0.593928006381823
-0.04089497490570845
0.008836267378941607
-0.059093550060982644
-0.4735366279219951
1.1410677131553084
-0.5280459324142158
0.09605375064433129
-0.03263413356771307
-0.002256264009119085
-0.02573130741907898
0.27586764987524415
-0.053197517532997014
-0.10472788331089841
0.037116704990104804
-0.07954697685624203
-0.033732968852311196
0.25170250774664804
-0.10436785165245333
0.13640130691335783
0.8392769734207228
-0.013652408238807484
-0.01891786410581968
-0.016220337273455357
0.2716190354284649
0.05691182884533597
-0.10224414083056625
-0.019048814939114884
0.04433977413316737
0.0063823178058994125
0.4941953128808331
0.0
0.0
-0.013228225752580687
0.024527211698917147
-0.3149995221585478
1.0845433354444918
-0.5960774637366938
-0.04190476995692084
0.009131116512875317
-0.05974160857263296
-0.47538618819479933
1.1463537157016357
-0.5306340950096224
0.0971571870300661
-0.03452409723786496
-0.0021558137522511935
-0.026959255236410597
0.27742360958716605
-0.05127742889889497
-0.10722552465168918
0.0377962322060153
-0.08121648629476368
-0.03346636623515622
0.25324234318167116
-0.10678889390813681
0.1383238878783461
0.8419559033253062
-0.013792078439179772
-0.01855476746202823
-0.016176493801336032
0.2729288039510475
0.05771069312326736
-0.10550312810949702
-0.019340095021437565
0.046782387025995964
0.007135463394410638
0.49612914547417525
0.0
0.0
-0.013518689580840612
0.02467839187596404
-0.3167920556312812
1.0900012011288096
-0.5982110415474238
-0.04293447644504735
0.009431369163525318
-0.06040324025510344
-0.47723359815582483
1.1516518816259382
-0.5332419012692322
0.09827606178601951
-0.036483640514431086
-0.002046891164677606
-0.028146984523854255
0.27888281531360454
-0.049241917036249055
-0.1097090163166739
0.03847241956693553
-0.08293405798439195
-0.033176043780529074
0.2547658091609395
-0.10925246523707582
0.14026469243419712
0.8446100645283032
-0.013932653535673321
-0.01817464158568414
-0.01612638960569321
0.2742437397742623
0.058517639749666485
-0.10888611900898197
-0.019631869076881452
0.049337589259915826
0.007916389620368077
0.49806300934178055
0.0
0.0
-0.013825202259373575
0.024830520088115912
-0.3185939301182295
1.0954700657035865
-0.6003277586763918
-0.043983951685768845
0.009736993486673399
-0.06107883368920475
-0.47907861605364493
1.1569619696988513
-0.535869636159107
0.09941052365028373
-0.03851367505907593
-0.0019254392926226845
-0.02928845314960166
0.2802360928071645
-0.04709013863663417
-0.11217281997292769
0.03914396795591161
-0.08470081975500107
-0.032860945415843126
0.25627092239062993
-0.11175763120245569
0.14222576562715783
0.847238472977011
-0.014074012909516686
-0.017776762763775843
-0.01606972273508803
0.2755635072982642
0.059331736565504535
-0.11239578042469438
-0.019925769771249636
0.052008941987160606
0.008722777377699902
0.4999968754977449
0.0
0.0
-0.014148311342385247
0.0249837261398674
-0.32040471310649377
1.1009490238618869
-0.6024266647869675
-0.04505300940123124
0.010047929516638155
-0.06176879643299102
-0.4809210079239918
1.1622837836537245
-0.5385175973265508
0.10056075676136468
-0.04061032745028306
-0.0017859140238102181
-0.03037546062684073
0.2814807919295705
-0.04482259134770551
-0.1146121191158209
0.039806669844796534
-0.08651940527412869
-0.032517911395792076
0.25775547441123725
-0.11430155881835873
0.14421045112748906
-0.046114090810481276
0.06253012685441833
-0.06012853869022897
-0.21432896022955675
0.12587930677924494
-0.01634090275974813
0.031118710083686642
-0.025217861965107946
-0.0799342534813749
-0.15498522894075706
0.025566101342286675
0.02008779092295499
-0.046392424822688814
0.06317066722736818
-0.06047121542247834
-0.21489565218588533
0.12673511905303206
-0.01665394992914659
0.03131648366715355
-0.025941676239042862
-0.08019701179698711
-0.15566420470245132
0.025256895762845545
0.02007506373916775
-0.04668286649747963
0.06382185957553554
-0.060800188967127876
-0.21546584618843465
0.12759864370921925
-0.016965211270901843
0.031516420522957105
-0.026682116174414294
-0.0804640492155917
-0.15634197298308378
0.02493245208599174
0.02006444874818118
-0.046984629328352435
0.06448281592529158
-0.06111331481089832
-0.2160400046503536
0.12846985329522823
-0.01727537551176008
0.031718919787158524
-0.027438590251195338
-0.08073523948967941
-0.15701874058371762
0.024592764459519554
0.020056202465875195
-0.04729910436317191
0.06515254073060227
-0.06141018379073681
-0.2166191827290716
0.1293476574737447
-0.017583670297475307
0.031924004956924296
-0.028211272848013346
-0.0810105031700233
-0.15769497786729617
0.024238311658099424
0.02005025479669115
-0.047625765257374525
0.06583025086777641
-0.06168873621563346
-0.21720384115064348
0.13023205977159075
-0.017892142075522022
0.0321315253512563
-0.029000562341122547
-0.08128936181670994
-0.15836943645572035
0.02386938329164265
0.020045698758112577
-0.04796546392454252
0.0665152346901213
-0.061947786429368594
-0.21779403081753215
0.13112258346986563
-0.018199808411274575
0.032341101164842144
-0.029806264029731407
-0.0815725029061646
-0.15904320613774928
0.0234865016951995
0.020042713780691265
-0.048317985199124405
0.06720651779921756
-0.06218697325848104
-0.21839003767210496
0.1320178951631232
-0.01850759034512526
0.032552751333765076
-0.03062743436370509
-0.081858432664815
-0.15971639047595818
0.0230897317678527
0.02004119226820018
-0.04868363531745931
0.06790351662425062
-0.06240405210544535
-0.2189924376790989
0.1329188495392102
-0.018816990000593285
0.03276750467561942
-0.03146378843926209
-0.08214798288846574
-0.16038916127846822
0.02268026628177902
0.02004018679970661
