4.546734094619750977e-01
-3.911841213703155518e-01
-3.217253088951110840e-01
-3.514350652694702148e-01
2.646602988243103027e-01
-2.209645062685012817e-01
-1.203984469175338745e-01
1.973829269409179688e-01
-1.866142749786376953e-01
3.947541415691375732e-01
-3.900827467441558838e-01
3.606173992156982422e-01
4.901918172836303711e-01
4.754590392112731934e-01
-3.963995277881622314e-01
4.195909500122070312e-01
-4.043871760368347168e-01
-1.950456649065017700e-01
-1.546026170253753662e-01
4.995578229427337646e-01
-3.542167246341705322e-01
-3.191865086555480957e-01
3.230239152908325195e-01
-4.701118171215057373e-01
-1.249517127871513367e-02
3.346198201179504395e-01
4.158271253108978271e-01
3.956338167190551758e-01
-2.827577590942382812e-01
2.759876251220703125e-01
5.052484273910522461e-01
3.022543787956237793e-01
2.492877095937728882e-01
4.007928371429443359e-01
4.889661371707916260e-01
-9.780082851648330688e-03
-2.806995511054992676e-01
3.927823901176452637e-01
3.549183011054992676e-01
4.074096679687500000e-01
2.613210678100585938e-01
5.170383453369140625e-01
-3.407816886901855469e-01
-4.519123136997222900e-01
-2.231682986021041870e-01
1.870548576116561890e-01
1.194400861859321594e-01
-4.011440575122833252e-01
-6.025044247508049011e-02
1.941871047019958496e-01
-2.219605147838592529e-01
3.608486652374267578e-01
-4.056307077407836914e-01
4.461658596992492676e-01
-3.986876308917999268e-01
3.745867609977722168e-01
3.062354326248168945e-01
2.338615506887435913e-01
4.338876605033874512e-01
4.495970308780670166e-01
-1.920561045408248901e-01
3.572856187820434570e-01
1.994883716106414795e-01
2.531587481498718262e-01
2.415393143892288208e-01
2.979016602039337158e-01
-1.600236445665359497e-02
-3.259235620498657227e-01
2.958488762378692627e-01
1.573888957500457764e-01
4.607518017292022705e-01
3.784193098545074463e-01
-4.170456826686859131e-01
1.339656859636306763e-01
2.989108301699161530e-02
-4.662693738937377930e-01
-3.448679745197296143e-01
-4.426891207695007324e-01
-2.902355492115020752e-01
-4.186198115348815918e-01
3.698493838310241699e-01
-4.604449868202209473e-01
5.143820890225470066e-04
3.508051633834838867e-01
-2.600146234035491943e-01
4.398396313190460205e-01
-4.168770611286163330e-01
4.717580974102020264e-01
3.113442063331604004e-01
2.590375244617462158e-01
-3.631422519683837891e-01
-3.055439293384552002e-01
-3.809199631214141846e-01
3.009643554687500000e-01
3.640098869800567627e-01
-7.076720148324966431e-02
-4.460959732532501221e-01
3.895947635173797607e-01
-7.928873598575592041e-02
-4.069493412971496582e-01
2.422727346420288086e-01
1.979755312204360962e-01
-4.051872789859771729e-01
-4.381053149700164795e-01
4.521616697311401367e-01
3.196316361427307129e-01
3.327335119247436523e-01
-3.781997263431549072e-01
2.810800075531005859e-01
1.885206997394561768e-01
-2.632276415824890137e-01
-3.039968907833099365e-01
-3.140233457088470459e-01
3.682926893234252930e-01
4.813371300697326660e-01
-4.145365953445434570e-01
3.649605214595794678e-01
4.144766628742218018e-01
3.061363697052001953e-01
2.756310701370239258e-01
4.950617849826812744e-01
-1.248570010066032410e-01
4.674201607704162598e-01
-4.445412456989288330e-01
3.036943078041076660e-01
-3.399995863437652588e-01
-2.921735346317291260e-01
3.778335750102996826e-01
1.456457376480102539e-01
2.340636849403381348e-01
4.783518612384796143e-01
-4.677820801734924316e-01
2.637511491775512695e-01
-4.223286807537078857e-01
-2.415962815284729004e-01
3.037922084331512451e-01
4.035956859588623047e-01
2.507410943508148193e-01
3.703373670578002930e-01
4.321335852146148682e-01
4.860285818576812744e-01
1.778294742107391357e-01
4.508732855319976807e-01
-2.892655134201049805e-01
4.108131527900695801e-01
-3.330594599246978760e-01
3.431169986724853516e-01
-4.820342659950256348e-01
5.170993804931640625e-01
4.635364413261413574e-01
4.558957517147064209e-01
4.882087409496307373e-01
2.327691316604614258e-01
3.008862137794494629e-01
-4.332970678806304932e-01
1.800452321767807007e-01
3.762468993663787842e-01
-3.649570643901824951e-01
2.632867097854614258e-01
3.650771677494049072e-01
3.348618745803833008e-01
5.012496709823608398e-01
-3.051754534244537354e-01
3.214058578014373779e-01
3.570478558540344238e-01
-1.228599548339843750e-01
2.641954123973846436e-01
4.028658270835876465e-01
4.120193719863891602e-01
3.846217989921569824e-01
4.201598167419433594e-01
4.642927348613739014e-01
-3.854235410690307617e-01
2.389361411333084106e-01
2.796426415443420410e-01
4.565970003604888916e-01
4.400677680969238281e-01
4.512502253055572510e-01
2.408943027257919312e-01
3.445745110511779785e-01
3.449757099151611328e-01
-3.368398249149322510e-01
7.236680388450622559e-02
2.781585156917572021e-01
3.271667957305908203e-01
3.388656377792358398e-01
-3.444110155105590820e-01
-2.795597314834594727e-01
4.580115675926208496e-01
3.294912874698638916e-01
-4.821333289146423340e-01
-2.537877559661865234e-01
4.782540202140808105e-01
-4.560117423534393311e-01
3.825455307960510254e-01
2.931111454963684082e-01
3.592864274978637695e-01
3.558187186717987061e-01
-3.420028388500213623e-01
3.550208210945129395e-01
-3.933028280735015869e-01
2.478425949811935425e-01
2.676079869270324707e-01
3.972786068916320801e-01
2.522227764129638672e-01
4.502915143966674805e-01
3.988588154315948486e-01
-2.838245332241058350e-01
-1.706927567720413208e-01
-3.695208430290222168e-01
8.306470513343811035e-02
3.920997977256774902e-01
-3.204270005226135254e-01
3.452121615409851074e-01
2.659859657287597656e-01
2.579841017723083496e-01
-3.724900186061859131e-01
3.111818432807922363e-01
-2.587601840496063232e-01
4.016738533973693848e-01
2.733123898506164551e-01
4.004874229431152344e-01
2.599127590656280518e-01
1.922629028558731079e-01
-4.387639164924621582e-01
-3.443613946437835693e-01
-3.940885663032531738e-01
2.756915688514709473e-01
-2.117257118225097656e-01
-2.975603044033050537e-01
3.809347748756408691e-01
4.936907887458801270e-01
3.409732282161712646e-01
3.926829993724822998e-01
3.180684745311737061e-01
3.850225508213043213e-01
4.677924811840057373e-01
3.606011867523193359e-01
3.393619954586029053e-01
3.854038715362548828e-01
-3.974207043647766113e-01
2.231278866529464722e-01
3.383593261241912842e-01
3.771646320819854736e-01
-1.571553498506546021e-01
1.021090075373649597e-01
4.496314227581024170e-01
-6.082851067185401917e-02
-3.918583691120147705e-01
2.901499569416046143e-01
-8.513888716697692871e-02
3.138499855995178223e-01
3.226822614669799805e-01
3.919883370399475098e-01
-4.215645492076873779e-01
2.383959740400314331e-01
