-2.627442963421344757e-02
-1.182065531611442566e-02
-2.326328754425048828e-01
1.409694552421569824e-01
-2.045293897390365601e-02
2.991606593132019043e-01
4.348554462194442749e-02
-3.204926848411560059e-01
-4.504938125610351562e-01
2.196736633777618408e-01
6.579128652811050415e-02
1.467954963445663452e-01
1.798328608274459839e-01
2.212449163198471069e-01
2.595268934965133667e-02
2.552692294120788574e-01
4.377665929496288300e-03
4.220694676041603088e-02
-1.307572126388549805e-01
2.953542768955230713e-01
1.342988163232803345e-01
-2.450730651617050171e-02
-1.525610536336898804e-01
-2.814624607563018799e-01
-2.279297113418579102e-01
4.137094020843505859e-01
1.752323359251022339e-01
-2.500236332416534424e-01
2.228510230779647827e-01
2.152000665664672852e-01
1.083379909396171570e-01
9.907449781894683838e-02
-2.223868370056152344e-01
1.032821014523506165e-01
2.527894377708435059e-01
2.873051539063453674e-02
2.542439997196197510e-01
1.065645664930343628e-01
-1.093038842082023621e-01
-2.942201793193817139e-01
5.332492589950561523e-01
1.500712037086486816e-01
2.573716640472412109e-02
2.839451432228088379e-01
-2.722026593983173370e-02
2.064022123813629150e-01
5.970863625407218933e-02
1.637577712535858154e-01
3.825335577130317688e-02
-5.061648786067962646e-02
2.083729207515716553e-01
1.483971774578094482e-01
-1.300629973411560059e-01
2.010168731212615967e-01
-2.553273364901542664e-02
-5.443233996629714966e-02
9.119629859924316406e-02
9.761907160282135010e-03
1.282269954681396484e-01
-1.762085705995559692e-01
2.819791138172149658e-01
1.900802701711654663e-01
1.560166031122207642e-01
-1.803132891654968262e-01
-1.091595366597175598e-02
1.043246015906333923e-01
6.780399382114410400e-02
1.602579466998577118e-02
3.431139588356018066e-01
-1.372944116592407227e-01
9.783892333507537842e-02
-3.112134151160717010e-02
-4.233839213848114014e-01
4.552973508834838867e-01
1.233102679252624512e-01
1.327257603406906128e-01
-1.211883351206779480e-01
-1.057198792695999146e-01
-1.801454462110996246e-02
4.159845411777496338e-01
3.347101211547851562e-01
-1.323625743389129639e-01
2.162628173828125000e-01
-3.070706725120544434e-01
3.973738476634025574e-02
3.521046936511993408e-01
1.141424849629402161e-01
-1.598344743251800537e-01
1.283345520496368408e-01
1.177112758159637451e-01
-8.970669656991958618e-02
2.236526012420654297e-01
2.922483682632446289e-01
3.463374078273773193e-01
-3.254570960998535156e-01
1.067368909716606140e-01
-1.272585093975067139e-01
-3.058578968048095703e-01
-1.801378577947616577e-01
-8.072387427091598511e-02
-1.266665905714035034e-01
-3.115745186805725098e-01
-3.082195520401000977e-01
1.364172846078872681e-01
7.785126566886901855e-02
3.677950203418731689e-01
-2.172690927982330322e-01
-3.111209571361541748e-01
1.010183990001678467e-01
-2.822363972663879395e-01
-2.044259607791900635e-01
-3.535739183425903320e-01
-5.586805939674377441e-02
3.169499933719635010e-01
-5.135731026530265808e-02
-6.573432683944702148e-02
-2.426589280366897583e-01
1.658950559794902802e-02
5.528049916028976440e-02
1.651674658060073853e-01
-3.042573332786560059e-01
-5.875376462936401367e-01
1.099535375833511353e-01
2.001722157001495361e-01
-1.422768682241439819e-01
1.328632831573486328e-01
9.070736914873123169e-02
-1.491509824991226196e-01
-1.523907482624053955e-01
3.039677143096923828e-01
6.860471516847610474e-02
7.794876396656036377e-02
-1.726000010967254639e-01
-1.850596815347671509e-01
-3.059214539825916290e-02
-1.044817566871643066e-01
7.650833576917648315e-02
-1.831465363502502441e-01
-1.613189727067947388e-01
2.045767307281494141e-01
2.033179700374603271e-01
-2.580375783145427704e-02
1.930485218763351440e-01
1.108238846063613892e-01
1.027494519948959351e-01
-1.495857685804367065e-01
1.300085429102182388e-02
1.091631054878234863e-01
1.841541677713394165e-01
1.848118305206298828e-01
-1.817770004272460938e-01
1.196282505989074707e-01
4.148932397365570068e-01
1.046119555830955505e-01
-7.421134412288665771e-02
-1.335514485836029053e-01
-3.393948972225189209e-01
-9.523074142634868622e-03
2.761971950531005859e-01
-2.971106171607971191e-01
6.757083535194396973e-02
2.599734663963317871e-01
-2.060683220624923706e-01
4.675285816192626953e-01
1.873951703310012817e-01
3.474250435829162598e-01
-1.054066941142082214e-01
-3.037925958633422852e-01
1.545999497175216675e-01
3.877123594284057617e-01
1.496004909276962280e-01
1.411762088537216187e-01
-5.578964948654174805e-01
-1.251372247934341431e-01
-1.026290953159332275e-01
-1.584820896387100220e-01
2.406152635812759399e-01
2.036808729171752930e-01
1.876080930233001709e-01
-6.332301348447799683e-02
-4.140839576721191406e-01
-1.662375479936599731e-01
1.935922801494598389e-01
1.055798679590225220e-01
7.035372406244277954e-02
2.226173430681228638e-01
-4.000887740403413773e-03
6.581950932741165161e-02
9.132124483585357666e-02
1.043059527873992920e-01
7.433155179023742676e-02
-6.430543214082717896e-02
2.318569272756576538e-01
2.798937261104583740e-01
3.415001928806304932e-01
-1.410834789276123047e-01
-2.855015993118286133e-01
3.404104337096214294e-02
-1.931666880846023560e-01
-6.094407662749290466e-02
1.036480069160461426e-01
-1.420549601316452026e-01
-1.279487758874893188e-01
3.556906878948211670e-01
-1.775061339139938354e-01
2.130056023597717285e-01
-1.392242312431335449e-01
-4.546961188316345215e-02
2.108770906925201416e-01
-3.878347948193550110e-02
2.653803527355194092e-01
9.112917631864547729e-02
-1.424622088670730591e-01
-4.944937303662300110e-02
1.615481376647949219e-01
-5.041433870792388916e-02
1.104377433657646179e-01
1.229414939880371094e-01
2.811687625944614410e-02
3.138872981071472168e-01
-8.561426773667335510e-03
2.146470397710800171e-01
-8.365481346845626831e-02
1.295393556356430054e-01
2.743591926991939545e-02
6.494934856891632080e-02
7.041867822408676147e-03
3.398249149322509766e-01
1.136622577905654907e-01
-7.345552742481231689e-02
-5.153025314211845398e-02
6.509228050708770752e-02
-1.377974748611450195e-01
1.315399110317230225e-01
1.340078711509704590e-01
-2.635208964347839355e-01
2.283788472414016724e-01
-1.725265830755233765e-01
2.507944032549858093e-02
1.387107521295547485e-01
1.633515208959579468e-02
-1.667632460594177246e-01
5.703610926866531372e-02
-3.134724497795104980e-01
-9.491969645023345947e-02
-1.488100290298461914e-01
1.215054765343666077e-01
-1.002488583326339722e-01
-1.052889674901962280e-01
-2.266476303339004517e-01
4.029835760593414307e-01
4.944933950901031494e-02
-1.595174968242645264e-01
2.989974915981292725e-01
8.805073052644729614e-02
1.569020897150039673e-01
