2.182819396257400513e-01
5.156832188367843628e-02
1.685698926448822021e-01
-5.490971729159355164e-02
1.636296808719635010e-01
-2.024732828140258789e-01
-1.178552657365798950e-01
3.462112247943878174e-01
1.683988869190216064e-01
2.146321535110473633e-02
1.178133189678192139e-01
1.820010989904403687e-01
2.702811360359191895e-01
2.861595749855041504e-01
1.520569026470184326e-01
2.432017624378204346e-01
3.018447160720825195e-01
2.364784479141235352e-01
-3.653543591499328613e-01
5.729541555047035217e-02
5.156500339508056641e-01
3.101521134376525879e-01
4.201512634754180908e-01
-6.440263986587524414e-02
3.924856428056955338e-03
2.911870181560516357e-01
2.846572995185852051e-01
3.785493671894073486e-01
2.338633686304092407e-01
1.288713514804840088e-01
2.245027869939804077e-01
1.168603599071502686e-01
1.505640596151351929e-01
3.480320274829864502e-01
1.078966888599097729e-03
1.660088002681732178e-01
1.639151722192764282e-01
-1.814349591732025146e-01
-6.606167554855346680e-02
1.672023236751556396e-01
2.013936936855316162e-01
1.635231971740722656e-01
-8.422172069549560547e-02
9.784279018640518188e-02
-3.211404979228973389e-01
8.250547945499420166e-02
1.393967717885971069e-01
1.952670663595199585e-01
2.524710893630981445e-01
2.894072532653808594e-01
-1.031215488910675049e-01
3.840911760926246643e-02
4.088075086474418640e-02
6.732980161905288696e-02
-2.594845741987228394e-02
-8.938845247030258179e-02
-4.811340570449829102e-01
-1.089409589767456055e-01
2.644229307770729065e-02
3.741290420293807983e-02
-1.314206868410110474e-01
6.385411322116851807e-02
-2.807197868824005127e-01
1.463152319192886353e-01
1.579058021306991577e-01
1.803111284971237183e-01
4.079366102814674377e-02
-2.071357071399688721e-01
1.320817768573760986e-01
-8.944824337959289551e-02
1.302286982536315918e-01
3.281827270984649658e-01
3.473941683769226074e-01
4.052698016166687012e-01
2.063464671373367310e-01
3.465679883956909180e-01
2.540435791015625000e-01
2.234066128730773926e-01
2.155455648899078369e-01
3.747808635234832764e-01
-3.328749537467956543e-02
2.771985828876495361e-01
8.027846366167068481e-02
1.963417679071426392e-01
-3.186944872140884399e-02
-1.829423755407333374e-01
1.503319144248962402e-01
3.550469875335693359e-01
3.117054104804992676e-01
1.128055006265640259e-01
1.527992486953735352e-01
3.981856703758239746e-01
-1.238706521689891815e-02
4.149440824985504150e-01
-4.490676224231719971e-01
2.120158821344375610e-01
2.202876657247543335e-01
7.457786798477172852e-02
1.746223270893096924e-01
1.096501052379608154e-01
2.839810550212860107e-01
1.863199919462203979e-01
3.943110108375549316e-01
1.292197685688734055e-02
1.817525774240493774e-01
3.991195559501647949e-02
1.204955354332923889e-01
3.020506501197814941e-01
-2.316987961530685425e-01
-3.403272479772567749e-02
2.854933738708496094e-01
1.710605323314666748e-01
-1.157548278570175171e-01
1.863271594047546387e-01
1.267740279436111450e-01
-3.127956017851829529e-02
3.433108627796173096e-01
1.098531112074851990e-01
4.412940144538879395e-01
2.536613941192626953e-01
1.421183198690414429e-01
7.620084285736083984e-02
-9.432887658476829529e-03
-2.341538518667221069e-01
-1.638160198926925659e-01
1.030315682291984558e-01
-5.635683611035346985e-02
2.098923325538635254e-01
4.526636302471160889e-01
3.092137277126312256e-01
1.706074923276901245e-01
1.268006414175033569e-01
7.238475978374481201e-02
-3.514952063560485840e-01
-2.156206518411636353e-01
1.182919889688491821e-01
4.262147545814514160e-01
3.184067308902740479e-01
-3.648334145545959473e-01
3.400750756263732910e-01
2.700458467006683350e-01
3.619483411312103271e-01
1.569419801235198975e-01
-1.458401978015899658e-01
-4.415244236588478088e-02
1.155769303441047668e-01
3.828675746917724609e-01
-2.476939260959625244e-01
-2.539977058768272400e-02
4.485355019569396973e-01
-9.631454944610595703e-02
-2.376934885978698730e-01
4.492337107658386230e-01
4.518730342388153076e-01
1.916955411434173584e-01
1.175103560090065002e-01
1.890130788087844849e-01
1.809033602476119995e-01
-2.296108007431030273e-02
2.162950336933135986e-01
3.183903396129608154e-01
3.605285584926605225e-01
1.204986125230789185e-03
-2.301204949617385864e-01
2.250294536352157593e-01
-7.612695544958114624e-02
1.904406100511550903e-01
2.761835455894470215e-01
-3.071776404976844788e-02
-2.520663142204284668e-01
2.185508906841278076e-01
3.104107081890106201e-01
2.590684592723846436e-01
2.378717064857482910e-01
1.408422738313674927e-01
2.407334893941879272e-01
-2.061083912849426270e-01
1.918321698904037476e-01
5.028923600912094116e-02
1.088544428348541260e-01
7.233691960573196411e-02
2.237221300601959229e-01
1.263958960771560669e-01
1.369143575429916382e-01
-1.172610223293304443e-01
3.595556616783142090e-01
1.922937482595443726e-02
1.784297674894332886e-01
-2.757298015058040619e-02
2.352685928344726562e-01
2.577925622463226318e-01
1.761960238218307495e-02
2.328497171401977539e-01
1.417544633150100708e-01
9.756926447153091431e-02
-9.719247370958328247e-02
-7.863012701272964478e-02
4.732307791709899902e-02
-4.482253268361091614e-02
3.699001371860504150e-01
-8.894132822751998901e-02
-4.309995770454406738e-01
2.732602953910827637e-01
6.172918900847434998e-02
-2.264801412820816040e-01
5.982699245214462280e-02
2.321345359086990356e-02
-1.442979425191879272e-01
-8.902035653591156006e-02
-4.817715287208557129e-02
-1.439742594957351685e-01
-1.117440313100814819e-02
3.491862714290618896e-01
-4.867783784866333008e-01
-4.074217975139617920e-01
1.647078245878219604e-01
3.533739447593688965e-01
2.944107353687286377e-01
3.338920772075653076e-01
3.845621049404144287e-01
-2.865568101406097412e-01
-6.316268444061279297e-02
3.546229302883148193e-01
1.249707266688346863e-01
3.487087786197662354e-01
3.998084962368011475e-01
-7.653661966323852539e-01
-1.691035181283950806e-01
-2.027604728937149048e-01
1.656455844640731812e-01
-2.973839044570922852e-01
1.766864806413650513e-01
3.413867056369781494e-01
3.001575544476509094e-02
1.273886114358901978e-02
1.276863813400268555e-01
3.347237408161163330e-01
7.723899185657501221e-02
1.090343520045280457e-01
-3.312078490853309631e-02
-8.175168931484222412e-02
-1.235066428780555725e-01
2.232587896287441254e-02
2.700785398483276367e-01
5.868936330080032349e-02
3.227178156375885010e-01
3.947544097900390625e-01
2.111248224973678589e-01
1.341920793056488037e-01
1.233031228184700012e-01
-1.803769618272781372e-01
3.868300914764404297e-01
1.117659173905849457e-02
3.527938202023506165e-02
1.666804701089859009e-01
1.047841906547546387e-01
