1.395683735609054565e-01
6.427639722824096680e-02
1.400272641330957413e-02
-3.383706510066986084e-02
-8.727406151592731476e-03
1.497661173343658447e-01
1.342822909355163574e-01
1.113795489072799683e-01
1.528155356645584106e-01
1.556399464607238770e-01
-1.591554097831249237e-02
3.825753927230834961e-01
-1.421172618865966797e-01
1.132579445838928223e-01
-1.059647575020790100e-01
7.172865327447652817e-03
-4.579351749271154404e-03
1.965017467737197876e-01
1.460468745790421963e-03
5.282434821128845215e-01
4.786466807126998901e-02
2.976738475263118744e-02
1.411771327257156372e-01
1.801137924194335938e-01
2.973510026931762695e-01
-2.129564248025417328e-02
3.995119631290435791e-01
4.254039004445075989e-02
-2.969207242131233215e-02
3.025327920913696289e-01
6.026209797710180283e-03
4.709550645202398300e-03
1.761887967586517334e-01
3.151441216468811035e-01
4.562390595674514771e-02
4.685616120696067810e-02
-6.363774184137582779e-03
2.613910138607025146e-01
2.319762259721755981e-01
1.218773424625396729e-01
2.415255159139633179e-01
4.248235225677490234e-01
4.578084871172904968e-02
-6.802932359278202057e-03
1.751497834920883179e-01
1.522922813892364502e-01
7.078118622303009033e-02
1.379543840885162354e-01
2.281522452831268311e-01
4.137976467609405518e-02
-1.476039458066225052e-02
2.100875973701477051e-01
-2.611108357086777687e-03
-4.467270150780677795e-02
2.620239928364753723e-02
-7.340015470981597900e-02
1.302811950445175171e-01
1.242687106132507324e-01
2.983860373497009277e-01
2.767907381057739258e-01
2.318812459707260132e-01
-1.510692201554775238e-02
-2.346785180270671844e-02
3.195503354072570801e-01
-1.210678927600383759e-02
3.355162218213081360e-02
3.049830161035060883e-02
1.561610251665115356e-01
3.270066529512405396e-02
-3.896319493651390076e-02
-6.918961554765701294e-02
1.242680847644805908e-02
3.564872965216636658e-02
2.185177206993103027e-01
-5.428281798958778381e-02
1.468594465404748917e-02
6.926058977842330933e-02
4.360857233405113220e-02
-1.328870803117752075e-01
5.695986375212669373e-02
-5.110015626996755600e-04
-6.503151357173919678e-02
8.374186605215072632e-02
-1.115705352276563644e-02
4.203984141349792480e-01
5.317662656307220459e-02
-3.589591011404991150e-02
-1.119346842169761658e-01
-5.082653090357780457e-02
-3.499785903841257095e-03
-3.326115384697914124e-02
2.488594315946102142e-02
9.389664046466350555e-03
6.370083894580602646e-03
1.718141436576843262e-01
-2.740568295121192932e-02
-2.769055962562561035e-02
1.896998733282089233e-01
8.445538580417633057e-02
-7.404307276010513306e-02
-1.225155293941497803e-01
3.166354894638061523e-01
1.855142563581466675e-01
3.188420236110687256e-01
-4.009665921330451965e-02
-7.382689416408538818e-02
2.537440061569213867e-01
5.986956879496574402e-02
-2.387388050556182861e-02
2.442013919353485107e-01
2.973910570144653320e-01
1.840856969356536865e-01
2.998079359531402588e-01
-1.196997519582509995e-02
-6.329529732465744019e-02
1.040987297892570496e-02
1.106319576501846313e-01
1.854857355356216431e-01
3.862534165382385254e-01
7.092318683862686157e-02
-2.664755284786224365e-02
-1.267567928880453110e-02
5.502784624695777893e-02
4.159349203109741211e-01
2.669117152690887451e-01
-1.415084209293127060e-02
4.466731846332550049e-02
-2.456526830792427063e-02
-6.103564985096454620e-03
2.748878896236419678e-01
1.237662434577941895e-01
2.462440431118011475e-01
-6.381069123744964600e-02
3.262845873832702637e-01
9.901367872953414917e-02
1.089120730757713318e-01
-1.414917316287755966e-02
4.567732512950897217e-01
-9.590445458889007568e-02
1.690144389867782593e-01
4.006557166576385498e-02
-3.130162134766578674e-02
5.098947137594223022e-02
4.418945312500000000e-01
1.303899884223937988e-01
-8.666453510522842407e-02
2.847600877285003662e-01
1.698144972324371338e-01
1.338989436626434326e-01
1.237170770764350891e-02
4.897139966487884521e-02
4.567498266696929932e-01
2.513670325279235840e-01
-1.179131940007209778e-01
3.970691859722137451e-01
-8.248997479677200317e-02
-5.229175835847854614e-02
1.282111853361129761e-01
7.461776584386825562e-02
3.251444697380065918e-01
4.716441966593265533e-03
4.848704487085342407e-02
-8.131735771894454956e-02
-4.626109078526496887e-02
2.150381058454513550e-01
2.391069978475570679e-01
-1.124440804123878479e-01
-4.308186471462249756e-02
-4.040939360857009888e-02
1.570115685462951660e-01
-1.222310215234756470e-01
7.244864851236343384e-02
1.286209225654602051e-01
-2.904386445879936218e-02
-3.525573760271072388e-02
-4.177350550889968872e-02
2.560712695121765137e-01
-2.639783360064029694e-02
-2.989782020449638367e-02
1.375446915626525879e-01
1.939598470926284790e-02
-1.041750088334083557e-01
1.895682141184806824e-02
2.800282537937164307e-01
-7.203435990959405899e-03
4.185903072357177734e-02
6.712929904460906982e-02
4.309701025485992432e-01
-4.013442993164062500e-02
-5.939319357275962830e-02
1.685973256826400757e-01
7.234029471874237061e-02
-6.914099305868148804e-02
7.965846359729766846e-02
4.228790104389190674e-01
-2.199321798980236053e-02
2.225367538630962372e-02
-7.619198411703109741e-02
4.740551859140396118e-02
-1.707184687256813049e-02
-3.549095615744590759e-02
-5.058823153376579285e-02
1.276062875986099243e-01
1.538412272930145264e-01
-8.068235963582992554e-02
2.834250032901763916e-01
3.976299166679382324e-01
1.059425026178359985e-01
1.044465526938438416e-01
-5.181539058685302734e-02
5.053512006998062134e-02
-4.693148192018270493e-03
-6.599423289299011230e-02
4.237550869584083557e-02
1.370636164210736752e-03
2.761420905590057373e-01
-3.923530876636505127e-02
1.695916801691055298e-01
1.333710104227066040e-01
2.038784325122833252e-01
-3.458211570978164673e-02
-8.967865258455276489e-02
2.744711935520172119e-01
-7.454252988100051880e-02
2.402879148721694946e-01
1.745702624320983887e-01
2.153639681637287140e-02
2.667735517024993896e-01
4.569186270236968994e-02
3.871932923793792725e-01
-3.357760608196258545e-02
5.865163356065750122e-02
4.089778661727905273e-01
1.521628350019454956e-01
-5.441899225115776062e-02
9.308197349309921265e-02
2.152906507253646851e-01
4.658946394920349121e-02
4.141753613948822021e-01
-1.959534361958503723e-02
-4.284167662262916565e-02
2.015482038259506226e-01
4.398406147956848145e-01
-1.570928096771240234e-02
-1.278260815888643265e-02
4.723642468452453613e-01
-2.971156686544418335e-02
4.966787099838256836e-01
-8.126795291900634766e-02
-5.046407133340835571e-02
-1.059912592172622681e-01
-2.080568857491016388e-02
-5.695737898349761963e-02
1.291949152946472168e-01
2.170237600803375244e-01
-1.683310419321060181e-01
