-2.271734595204833590e-02
4.535616892250974447e-02
-2.758071619355059040e-02
4.156435152381491444e-02
-4.038410259984691053e-01
9.047824714495810161e-01
-5.454689417812671470e-01
-1.748059310440238170e-02
1.321601680314244895e-02
2.299478633089831539e-02
-3.847370558368160554e-01
8.749645221138593332e-01
-5.360516057804626255e-01
-1.006753822991021674e-03
-1.913516256735822360e-02
-4.493345188241157362e-02
-2.222022258314743787e-02
3.207143508187859093e-01
3.202087715587464967e-01
1.552283506624121623e+00
-1.342223391694297385e+00
-9.015038023983273918e-01
5.704063177586177896e-02
-1.043240527972163489e+00
-3.745161564873360910e-02
5.906752424087576177e-03
6.980596464862436068e-02
-3.418257054115356741e-01
-2.815533047386688525e-01
-1.466335310074553089e+00
1.299897042665271396e+00
8.478616096312832084e-01
-7.838039380070122020e-02
9.651512809116863378e-01
1.966657511881120604e-02
-1.299390981669385848e-03
3.357928280610924729e-03
-1.233415046128729818e-03
1.616983310310376662e-02
-9.394340390297111626e-03
-1.136561049032736113e-03
1.577822346267451553e-03
2.134714967901172201e-03
-8.757166140363846886e-04
1.580175324566692949e-02
-9.371492684003859125e-03
-1.736416273769436766e-04
-7.984587271531606465e-04
6.828014451675784753e-03
-1.776411860994423419e-03
1.101998953132559507e-03
1.266974636039999941e-04
2.588761590641550613e-03
-7.655922304977154542e-03
5.245135268995841822e-03
5.538449841081193384e-03
-2.017823077613588919e-03
-3.963850919502721892e-03
9.332479062140652728e-04
-9.189630783626593150e-04
-1.787525640591335497e-03
1.625230453164626561e-03
1.609684051746174517e-03
1.978574158760313360e-03
-8.679638769031383649e-03
-4.942793775911934542e-03
-2.833116257841911990e-03
-1.961585991559621801e-03
8.611768473101268778e-03
7.373754411462076809e-03
