4.103949268970070313e-02
4.564183937957392440e-02
1.000000000000000021e-02
1.000000000000000021e-02
2.350292002494943841e-02
9.597479984896513383e-02
3.501798307638125801e-02
1.000000000000000021e-02
1.000000000000000021e-02
1.000000000000000021e-02
2.401900828327554333e-02
9.516369146223870035e-02
3.341738572693936371e-02
1.000013045556738013e-02
1.000000000000000021e-02
1.000000000000000021e-02
1.000000000000000021e-02
1.000000000000000021e-02
1.000000000000000021e-02
1.000000000000000021e-02
1.000000000000000021e-02
1.000000000000000021e-02
1.000000000000000021e-02
1.000000000000000021e-02
1.000000000000000021e-02
1.000000000000000021e-02
1.000005787863324398e-02
1.000000000000000021e-02
1.000000000000000021e-02
1.000000000000000021e-02
1.000000000000000021e-02
1.000000000000000021e-02
1.000000000000000021e-02
1.000000000000000021e-02
1.000000000000000021e-02
1.960398454576434482e-02
1.000000004194771808e-02
1.469462147292567300e-01
6.503236449084469628e-01
2.915545985632395642e-01
1.000000000000000021e-02
1.967401006591923060e-02
1.000007409054364145e-02
1.435508499274997796e-01
6.253368156071426043e-01
2.806544489078947602e-01
1.000000000000000021e-02
1.000000000000000021e-02
1.756006437936961234e-02
1.000000000000000021e-02
1.000000000000000021e-02
1.000000000000000021e-02
1.000000000000000021e-02
1.000000000000000021e-02
1.182779330533857004e-02
1.000000000000000021e-02
1.814401421544863807e-02
1.253020470369302364e-02
1.000000000000000021e-02
3.513747565370296810e-02
1.000270032090991301e-02
1.000000000000000021e-02
1.000000000000000021e-02
1.000000000000000021e-02
1.662025560498994400e-02
1.000000000000000021e-02
2.103570489799413273e-02
1.091282702705538565e-02
5.003580565088593390e-01
4.995925208440896159e-01
