0.8786190811901305
-0.0015362858904583723
-0.01231443036261732
-0.014430266877616813
0.3436572105296409
0.004467718704071132
-0.030677369812118386
0.00015906841493444214
0.016161945328322703
-0.007972403937711309
0.4457928099871672
0.0
0.0
-1.6035427600932641e-06
0.049492942505595675
-0.2798014809598028
0.7663316350198791
-0.42664654779202005
-0.0595490990348785
0.001604082111278671
-0.047698806799682865
-0.330311031707315
0.7659783442985584
-0.4158241690520085
0.045965616465769715
-0.01752004070399553
0.023509623200697567
-0.010436788131968182
0.07514721154789916
-0.019327130427166394
-0.06517163940070646
0.009701306516045399
-0.027440223018255192
-0.00834432710456612
0.04077061452679898
-0.05609674927441487
0.032764889269341166
0.8805007305201156
-0.0015287131644221579
-0.012251137627293513
-0.014534436396248443
0.34433763050378297
0.004534885356214684
-0.032112464182560474
0.0001657802748423799
0.0165335858487697
-0.008104966322000303
0.4469727437217387
0.0
0.0
-0.00013093770590843205
0.04975181900931902
-0.28060543393130405
0.7686942983681163
-0.4277234384821463
-0.06014354175415156
0.00168995684061306
-0.04799194396719632
-0.33121412628787206
0.768082888816292
-0.41710036709546805
0.04629241371258348
-0.018668847509907847
0.024407871502527594
-0.011510081668453085
0.07723536686383793
-0.018755282940910386
-0.06732777825385573
0.009954458011870894
-0.028864489675456333
-0.009036113965189921
0.04116456908664439
-0.05755968337776983
0.034521606071736266
0.8823722868187842
-0.0015210607784960346
-0.012184288718911935
-0.014641001181501129
0.3450197841319264
0.004606830799880545
-0.03361405154957409
0.00018883352999735456
0.01695800734011468
-0.008235874072412283
0.44815341579932655
0.0
0.0
-0.0002696660711885858
0.050018044624912515
-0.28141837019947835
0.7710745899872148
-0.42879597231321687
-0.0607553280567013
0.0017778580070177286
-0.04829709713065978
-0.33212336834686684
0.7701913862818668
-0.41838892145514645
0.046633694638824524
-0.01986205865055651
0.02534446219808474
-0.012590622612124845
0.07928883188706277
-0.018120297507217945
-0.06949932511263247
0.010203541972752774
-0.030392332259664062
-0.009754019805032883
0.041489192194801405
-0.05906348987700596
0.03634356600992067
0.8842326366227785
-0.001513247044372699
-0.012113374299462255
-0.014750017269737407
0.3457025387033487
0.004683146731122286
-0.035184952737930514
0.00022420742206271649
0.017440077827719728
-0.008360190704050077
0.4493344947402571
0.0
0.0
-0.00041811794248383845
0.05029195105271961
-0.28224013778539486
0.773471836419985
-0.4298634375026125
-0.06138454428119598
0.0018677482793812462
-0.0486150329772143
-0.3330387362187003
0.7723029093909063
-0.41968994161780454
0.04698993796156138
-0.0210944494199985
0.026324143798674326
-0.01367512374100915
0.08131187383759594
-0.017427161496225804
-0.07167754204269915
0.01044783679081551
-0.03201928449719113
-0.010500630379900865
0.04175501904935257
-0.060601458768392256
0.03822986796814791
0.8860812112702272
-0.001505213823551426
-0.012037875294388552
-0.014861533326301845
0.34638559486625936
0.004763657994034144
-0.036826612413172324
0.00026969047245385344
0.017979294587162378
-0.008478032982642906
0.45051594474383666
0.0
0.0
-0.000576583164026336
0.05057388889863442
-0.28307072382943177
0.7758857735126233
-0.4309253910846001
-0.06203119536881998
0.001959590932398887
-0.048946535429251564
-0.33396046835310794
0.77441700333242
-0.42100362901805366
0.04736167246366837
-0.022361064915525003
0.027350753204953508
-0.01476139394750941
0.0833092833773009
-0.01668247986289651
-0.07385583465135077
0.010687890615416713
-0.033741449509512245
-0.011277171827443208
0.041971593527179614
-0.06216652156407111
0.04018154629415335
0.8879172242720702
-0.0014969237451378165
-0.011957254994288402
-0.014975600934539132
0.3470685674264413
0.004848096691408221
-0.03854069153042079
0.00032330898600387573
0.018576793587012794
-0.008588860798981421
0.4516976345151678
0.0
0.0
-0.0007453128580275674
0.050864253146143824
-0.28391005831700983
0.7783160596310957
-0.43198135476829874
-0.06269526754981398
0.0020533569926587916
-0.04929232267765088
-0.33488869802032856
0.7765331158570542
-0.42233009549059514
0.04774940680743643
-0.02365749489751984
0.02842574048928201
-0.015846495554325057
0.08528520220953165
-0.015890602715899378
-0.07602927813841752
0.010924797061430618
-0.03555547100625712
-0.012084094531482492
0.042144564075992194
-0.06375333124530047
0.04220068657516437
0.8897398967440259
-0.0014883501763361966
-0.011870950704596555
-0.015092255415082639
0.3477511878400755
0.004936406666696737
-0.04032846086800982
0.0003849480441791277
0.01923383569637308
-0.008689556189409151
0.452879423963053
0.0
0.0
-0.000924530934570256
0.05116343857789736
-0.2847580511491715
0.7807623889174097
-0.4330308675593882
-0.06337672262792529
0.002149035587663385
-0.04965310090351787
-0.3358235572128233
0.7786507478238364
-0.4236694404852696
0.048153652727736945
-0.02498089546786347
0.02954812600333952
-0.016926746449072824
0.08724442991965772
-0.015053728973718462
-0.07819642088369899
0.011161606538534896
-0.037461229867167385
-0.012921071547515412
0.04227827788613073
-0.06536012684707256
0.04428683877837954
0.8915487457599167
-0.0014794692989462206
-0.011778387806626081
-0.015211517925772484
0.3484333949473418
0.0050285207298298995
-0.04219055059523062
0.00045412832067575417
0.019950038594950443
-0.00878043530252619
0.45406134641435225
0.0
0.0
-0.00111444726838638
0.0514718295289716
-0.2856146536740352
0.7832246847216995
-0.4340735922311135
-0.0640755199511534
0.002246645371558631
-0.05002960347097787
-0.33676530070540744
0.7807696239638278
-0.42502183759341716
0.04857495225860008
-0.026330766658262998
0.03071784378968425
-0.017997672856307715
0.08919139252742309
-0.014170772135613605
-0.08035743336491676
0.011402367896556362
-0.039459326504699944
-0.013786934741917405
0.04237367863951046
-0.0669862612353181
0.04644243189455351
0.8933431782989394
-0.0014702694795731414
-0.011678995177211488
-0.015333409236683472
0.34911533633758407
0.005124204044819954
-0.04412735956214107
0.0005299281638045683
0.020724182917984616
-0.008860265323756802
0.45524338525194913
0.0
0.0
-0.0013152725014833916
0.05178982175503537
-0.28647975579680196
0.7857028327863498
-0.4351091189208387
-0.06479161299366513
0.0023462379771095236
-0.050422567172398965
-0.3377141254779447
0.7828893991643862
-0.42638742186989337
0.049013879138774606
-0.027706587291003962
0.0319381920796609
-0.01905427790061393
0.09113083446263738
-0.013238882137889
-0.08251263360546889
0.01165081813762239
-0.04155043200572104
-0.01467973219843084
0.04243205360005199
-0.06863147674950806
0.04867163059199894
0.8951224478547677
-0.001460752333866068
-0.011572208762657963
-0.015457927533157124
0.34979736631946234
0.005223193096145498
-0.04613831018271348
0.0006111488487496439
0.0215552112866303
-0.008926664324588893
0.4564254364513034
0.0
0.0
-0.0015271933842215303
0.05211783384348478
-0.2873531687694424
0.7881966866619695
-0.43613697183488515
-0.06552490002330072
0.0024478837590963054
-0.050832744881168124
-0.3386701721029932
0.7850096580271418
-0.42776628254038956
0.04947103374916174
-0.0291039139630464
0.033214086401530875
-0.0200927646499281
0.09307217766892824
-0.012256269281868216
-0.08465238786571541
0.011909177432316648
-0.04373616043753749
-0.015596917792713553
0.04245553078172296
-0.07029616020700964
0.05097705994510337
-0.022603939925528876
0.12290763063396315
-0.037019487257620276
-0.16149904874328086
0.06780871855155161
-0.0019760433497138727
0.01583025148906221
-0.12375355281075764
-0.07890925818114056
-0.18327776617116584
0.01799377403852498
0.008133645307132183
-0.02272248563188547
0.12335379134541156
-0.03699978612863696
-0.1615743141842277
0.06816974911030932
-0.0020165644799489527
0.015894796883261487
-0.12429020341371624
-0.079184976307037
-0.18379230421993617
0.01795775503749831
0.008221208874808275
-0.022842721964844426
0.12380581755008122
-0.03698005887431529
-0.16164623053942861
0.06853112522185598
-0.002058136866594508
0.0159606647986754
-0.124831989858433
-0.07946523172567445
-0.1843088173485624
0.01791918646349136
0.008313494122735018
-0.02296524609656152
0.12426438466718111
-0.036959389056789506
-0.16171391227630413
0.06889397430641585
-0.002101838940922267
0.016028368760635625
-0.1253785132997774
-0.079749451074901
-0.1848267324630938
0.01787726882791285
0.008410919993497004
-0.023090736955036367
0.12472866309728904
-0.03693624303619975
-0.16177671871888558
0.06925973942672961
-0.002147852581815173
0.016097983176126547
-0.12593018690699823
-0.0800368219895317
-0.1853458163147948
0.01783066340440361
0.008513721289854998
-0.023219680248902443
0.1251980632851174
-0.03690950430255622
-0.16183391173650327
0.06962948856231503
-0.0021968463284611694
0.01616990882620075
-0.12648709625476154
-0.08032779096294952
-0.18586588283491468
0.01777813140637215
0.008621366450407997
-0.023351889301750365
0.1256727445120965
-0.03687682208101435
-0.16188370833288235
0.07000372893046819
-0.002249367449373208
0.016243937949881753
-0.12704969586756523
-0.08062188652817726
-0.18638782924239683
0.017718484182501354
0.008734246304727926
-0.02348756011036738
0.12615336844735994
-0.03683757976345423
-0.161925563514926
0.07038312142626726
-0.002305240642076405
0.01631977349748288
-0.12761902508633147
-0.08091931633301942
-0.18691323862104545
0.017650665853102626
0.00885270287963577
-0.02362609382563645
0.12663920412072224
-0.036790865596970604
-0.1619588963725634
0.07076763987803987
-0.0023650500692203873
0.016397577917617947
-0.12819606041624365
-0.08122047481556911
-0.18744239702374693
0.017574041330883763
0.008976931692319813
