0.023204576625650362
0.004183919863755483
0.0058165035148138615
0.004462876171860438
0.036818620499796305
0.052238832456478805
0.03328154902626342
0.06075815737295758
0.1074083688904573
0.1203054840230552
0.04829920786085126
2.542622985172979e-10
2.542622985172979e-10
0.012843950914658417
0.016110452759941277
0.051123569053872026
0.12124009159944427
0.04878014822811558
0.031480327011113855
0.009897774190837323
0.020327642980483767
0.04688412078174632
0.11595450030150876
0.05347291970940199
0.017781306292658037
0.18938389567135555
0.20064470470961607
0.7372473176631942
1.4519512388211637
0.6072006854357399
0.4606301038201768
0.18979063788193384
0.2259096181705111
0.5889385736705242
1.1100854038533778
0.6267374059957329
0.3262153565128601
0.021010559980317232
0.0043206600736507
0.006052406690858485
0.004609053993594297
0.03760994115658043
0.053900841170097295
0.034934415881545645
0.06275021155150848
0.11161529278330776
0.1246692508080103
0.048212852399715456
2.542622985172979e-10
2.542622985172979e-10
0.013168967060120385
0.01654012722686519
0.05108043529224074
0.11904840180134059
0.04833033440439289
0.03227837774170675
0.010143874302542268
0.020793963443857436
0.04665271795043567
0.11353325188652073
0.05323016568638791
0.01820244427431589
0.19555048335725425
0.20818621066677734
0.7434728915465713
1.4670441970970018
0.617201841938462
0.47173000786011116
0.1965576357231056
0.23432992001044955
0.5952423794114147
1.1229620280890567
0.6344721147783754
0.33516520708376424
0.01880839958975694
0.004464037846090318
0.006302325673557167
0.004765729847266006
0.03842979540792589
0.055614274345372604
0.036711405839016165
0.0648226771553024
0.11605497684606249
0.1292785041700858
0.048123189556701675
2.542622985172979e-10
2.542622985172979e-10
0.013511984193531461
0.01699413915510713
0.05105128290313046
0.11687434177888242
0.04789850616509673
0.03311057976315546
0.010405389424691974
0.021286187001191073
0.046432887912098146
0.11112579917601295
0.053003347152885745
0.018646627624004614
0.20205852936061966
0.21607945247283641
0.7498919705039612
1.482620530352564
0.6275644622919745
0.48325929272728774
0.20367565259934867
0.2430970286651852
0.6018047296173877
1.1361612737428664
0.6424503732212347
0.3445694545702721
0.016598529565879393
0.004614355358113488
0.006567082367149679
0.004933732794831755
0.039278593478257934
0.05737873635598302
0.038621284365053445
0.06698055668263428
0.1207425678215693
0.13414004496588308
0.04803021887704831
2.542622985172979e-10
2.542622985172979e-10
0.01387412168777535
0.017473819424412857
0.05103682888391739
0.1147196945416632
0.04748592956168399
0.03397821327142272
0.010683382792446154
0.02180566552753727
0.046225429265966844
0.10873354616552931
0.05279332875268173
0.019115156850427927
0.20892112329689205
0.22433135819022323
0.7565082538478023
1.4986773392932353
0.6382935528135883
0.49524020875113006
0.21114570172039385
0.25221400657284665
0.6086374241528021
1.1496842731408403
0.6506749411320975
0.3544318803619907
0.014381221024208019
0.004771929717499214
0.00684753789609155
0.005113944783164946
0.040156638562364864
0.05919375126655945
0.04067307089906647
0.06923081491859422
0.1256951586956898
0.13925953968591243
0.047933911591993505
2.542622985172979e-10
2.542622985172979e-10
0.014256546326596623
0.01798055387189797
0.05103775771832321
0.11258598250517012
0.0470938141009948
0.03488260848988548
0.01097895407271464
0.022353785869013494
0.04603111384884076
0.10635759360746881
0.05260091920021588
0.019609377121365956
0.21614951216201878
0.23295503071638307
0.7633238973033957
1.5152111940137385
0.649392319855302
0.5076940295090749
0.21896552961564972
0.2616812716849887
0.6157498129640105
1.1635277089357583
0.6591430614958764
0.3647576762250404
0.012156755173483847
0.004937096859188002
0.007144591243929343
0.0053072986865896335
0.041064154031666085
0.06105834016708415
0.04287583668063135
0.07158094129617684
0.130925948343865
0.1446356603907385
0.04783424245981822
2.542622985172979e-10
2.542622985172979e-10
0.014660464588946473
0.018515779919983242
0.05105474975467941
0.11047470997152033
0.04672338715458149
0.035825141513907956
0.011293224384516964
0.02293196172604222
0.045850734018278695
0.10399899501967834
0.052426924686161204
0.020130677405261175
0.2237479688301127
0.2419593152180582
0.7703420285625255
1.5322143302486066
0.6608619505245343
0.5206366704802088
0.22712316879405595
0.27149788751841936
0.6231509031629523
1.1776911697942842
0.6678522953265095
0.3755515657675756
0.009925255284830728
0.005110214154389903
0.0074591780680624276
0.005514783651144555
0.04200125036563036
0.06297175635481173
0.045239164665969785
0.07404196446529011
0.13644992058017352
0.15026609683683512
0.04773119069021842
2.542622985172979e-10
2.542622985172979e-10
0.015087129117116689
0.019080986969599808
0.05108844999594767
0.10838712338100602
0.04637582664275224
0.036807222702430524
0.01162733549622537
0.023541633756430144
0.04568505598329314
0.10165849502213765
0.05227208095541725
0.02068047943521885
0.23172343430061468
0.2513615817890575
0.7775643593865912
1.549680061217069
0.6727015594908086
0.5340759364115379
0.23560452456537706
0.28166620468370124
0.6308482318388153
1.1921667915954053
0.676803378067239
0.3868184267083976
0.007686771028393763
0.005291666865663666
0.007792272890202841
0.005737443963778335
0.04296809090846463
0.06493217135432215
0.047773573003391016
0.07662612708935075
0.14228513285811364
0.1561486974179205
0.047624713266666376
2.542622985172979e-10
2.542622985172979e-10
0.015537833695945165
0.019677717911413654
0.051139480749453695
0.1063243390306224
0.04605229765740437
0.03783027790566066
0.011982443544898868
0.024184276755397457
0.04553484573945267
0.09933666583304769
0.05213708421575851
0.021260233808711747
0.24007193551285894
0.26118242327114205
0.7849935034082619
1.5676061614900374
0.6849103216007971
0.5480092638136037
0.24440072677640537
0.2921941035158617
0.6388491189173422
1.2069475546967843
0.6859944758001391
0.3985712618707712
0.005442054730577497
0.0054818734864911425
0.00814488998188848
0.005976380068731232
0.043964921930261046
0.06693822934137073
0.05048985305310353
0.07935157973267383
0.14844847829685992
0.162274931287504
0.04751479824451836
2.542622985172979e-10
2.542622985172979e-10
0.016013900066524932
0.020307565770149263
0.051208599146220606
0.10428854634575248
0.045754301550486355
0.03889575497172072
0.01235970396429177
0.024861399396820996
0.045401094113072374
0.09703517306436445
0.052022877071022065
0.02187140703842186
0.24877491367930646
0.2714305974012996
0.792626237145182
1.5859748571015004
0.6974836456050166
0.5624522557113445
0.2534917278740341
0.3030931042779632
0.6471561759774076
1.22203172029036
0.6954230025464958
0.4108102411675995
0.0031946171590458154
0.005681285259980252
0.008518078706869929
0.0062327367272546905
0.04499188346459124
0.0689889881301841
0.05339529082420984
0.082223114045123
0.15494633609131434
0.16862153153480108
0.047401559531109624
2.542622985172979e-10
2.542622985172979e-10
0.016516662222420278
0.020972164954147988
0.0512971183534892
0.10228584844772377
0.045484520983556674
0.04000499000035606
0.01276024293453445
0.02557453814855809
0.045285579553174
0.09475973876605012
0.051931355883052616
0.022515480421738
0.25777796806916364
0.28206218665678234
0.8004487985223795
1.604693487137546
0.7103817624618163
0.5773005934895924
0.2628291093442014
0.31433757020441244
0.6557628011278168
1.2373839913598594
0.7050683962708467
0.4235162568832694
0.01804509872608532
0.14624590257024464
0.12034793692663193
0.10132248133518215
0.08194262147155876
0.06724406001066513
0.01766233528718287
0.14279638834411962
0.11049479225436834
0.08997849177071407
0.08167058182328943
0.05309956975154036
0.01811867995662618
0.1469376881042768
0.12060649504639093
0.10140382136082474
0.0821980785438165
0.06752212995364666
0.017736341156662352
0.14337499724326364
0.11076020225297452
0.09017188183601316
0.0818578429147004
0.05324439767308603
0.0181932489014015
0.14763670469932713
0.12086735101328294
0.1014851908009254
0.08245431246843565
0.06780469776337551
0.017811686323473692
0.14395929297127727
0.11102846191665063
0.09037113114386049
0.08204669096493962
0.05339237400467772
0.018269016816620822
0.14834311046565024
0.12113128280472109
0.10156706160186824
0.08271117460273214
0.06809163735648119
0.017888496947539897
0.1445489735032014
0.11130010585364145
0.09057588760498811
0.08223731441836427
0.05354340201107956
0.018345859726988274
0.1490574684021757
0.12139780627111192
0.10164942395555145
0.08296923212944333
0.06838336412054202
0.017966903314235002
0.1451444411008468
0.11157506921542318
0.09078681590129299
0.0824300926263455
0.05369745035886115
0.018424103192832535
0.149779804001356
0.12166754093030406
0.1017322953740559
0.0832280890284301
0.06867993395378973
0.01804695999797007
0.14574553544668792
0.11185313620952934
0.09100459112300055
0.08262558730805061
0.053854569170076284
0.018503854527530377
0.1505112366012797
0.1219399381403837
0.10181583997589122
0.08348824720672043
0.06898157118956247
0.018128685534134683
0.14635240244566766
0.1121346975884312
0.0912294239436938
0.08282371258276969
0.054015155199271025
0.01858520671988398
0.15125114735622897
0.1222151972606394
0.10189995750070054
0.083749258984387
0.0692887881836373
0.018212038613509254
0.14696383248319375
0.11241961284535804
0.09146145418053646
0.0830250982053102
0.054178630863624525
0.018668217544947352
0.15199788141895337
0.12249281130423606
0.10198428262626631
0.08401119892551512
0.06960083955281687
0.018297073065181923
0.1475786473924678
0.11270770314809178
0.09170096103283762
0.0832292973592703
0.05434544879299589
