-5.171110853552818298e-02
1.820166558027267456e-01
1.283784806728363037e-01
-5.447987914085388184e-01
2.281779348850250244e-01
1.548334807157516479e-01
4.487468674778938293e-02
8.210293948650360107e-02
-2.062515914440155029e-01
-6.259479522705078125e-01
1.007082313299179077e-01
1.832158565521240234e-01
3.594714403152465820e-02
-3.248033523559570312e-01
-7.580855488777160645e-02
-7.918246835470199585e-02
2.017887085676193237e-01
3.258965909481048584e-01
5.699082463979721069e-02
-4.966708272695541382e-02
-1.469063609838485718e-01
-2.455751895904541016e-01
-1.532630994915962219e-02
2.447278052568435669e-01
4.799434244632720947e-01
2.441343665122985840e-01
6.051120162010192871e-02
-2.575929760932922363e-01
-2.490497678518295288e-01
1.458197180181741714e-02
3.336915969848632812e-01
-2.239855006337165833e-02
-1.427946239709854126e-01
