-9.354544430971145630e-02
-2.052738219499588013e-01
-1.868615448474884033e-01
-2.010140419006347656e-01
-5.778906866908073425e-02
-2.430531382560729980e-01
-1.740959882736206055e-01
-2.229895144701004028e-01
-1.150005012750625610e-01
-1.627509444952011108e-01
1.437592804431915283e-01
-2.389171421527862549e-01
-1.913851350545883179e-01
-2.246801406145095825e-01
-1.138741299510002136e-01
-1.845009624958038330e-01
-2.255331426858901978e-01
-9.920921176671981812e-02
-2.461024001240730286e-02
-1.915366947650909424e-01
-1.027046442031860352e-01
-1.240957826375961304e-01
-7.747225463390350342e-03
1.612210869789123535e-01
-2.216704338788986206e-01
-2.078989297151565552e-01
-3.241253793239593506e-01
1.216469053179025650e-02
1.605836749076843262e-01
-1.058642379939556122e-02
-4.166375398635864258e-01
1.511085033416748047e-02
-4.071000218391418457e-01
-5.978555977344512939e-02
-2.556291222572326660e-01
-3.405920863151550293e-01
1.510309576988220215e-01
-8.433082699775695801e-02
1.188749969005584717e-01
-2.835151255130767822e-01
-5.254502967000007629e-02
3.007888421416282654e-02
-1.466668546199798584e-01
-2.834976613521575928e-01
2.252743579447269440e-02
-1.053694337606430054e-01
-2.386460602283477783e-01
-2.304125875234603882e-01
-1.867774873971939087e-01
-1.270085871219635010e-01
-9.113359451293945312e-02
-2.903480231761932373e-01
-1.271562278270721436e-01
-1.128648817539215088e-01
-2.265741862356662750e-02
-5.404520407319068909e-02
-1.045953109860420227e-01
-1.775047630071640015e-01
1.490839719772338867e-01
-7.506996393203735352e-02
-3.593066632747650146e-01
-9.139726310968399048e-02
-1.850338429212570190e-01
2.815327048301696777e-01
-1.067320927977561951e-01
-9.635895490646362305e-02
2.387405037879943848e-01
-4.924066737294197083e-02
-4.978972077369689941e-01
-3.217932879924774170e-01
-3.260999023914337158e-01
-4.011686742305755615e-01
-8.965430781245231628e-03
1.419479306787252426e-02
-4.187619090080261230e-01
-1.981057375669479370e-01
-1.753755956888198853e-01
-1.646025031805038452e-01
-1.720799505710601807e-01
-2.281667292118072510e-01
2.869596891105175018e-02
-5.066692084074020386e-02
-1.120818704366683960e-01
4.127646982669830322e-02
-2.164038866758346558e-01
-9.575314074754714966e-02
-3.027321100234985352e-01
-2.006184309720993042e-01
-6.352499872446060181e-02
-1.267000734806060791e-01
8.784367889165878296e-02
-3.585897386074066162e-01
-1.210231930017471313e-01
7.818034291267395020e-02
-3.731256723403930664e-01
-7.751443982124328613e-02
-1.312544196844100952e-01
8.306516706943511963e-02
-1.318989507853984833e-02
-8.073014020919799805e-02
5.606521666049957275e-02
1.259389370679855347e-01
-1.316466033458709717e-01
-7.157294079661369324e-03
-1.189823001623153687e-01
4.893632605671882629e-03
-2.337578088045120239e-01
-2.283287495374679565e-01
-3.154112398624420166e-01
6.295360624790191650e-02
2.957247756421566010e-02
-3.120628744363784790e-02
5.058340728282928467e-02
-8.041898719966411591e-03
-8.317387849092483521e-02
-4.495924115180969238e-01
-1.645146757364273071e-01
-2.421020567417144775e-01
-2.049341052770614624e-01
7.502816617488861084e-02
-3.134678304195404053e-01
-1.746070981025695801e-01
-2.101842164993286133e-01
3.025770783424377441e-01
-3.617751896381378174e-01
-4.645624756813049316e-02
3.233979269862174988e-02
-9.023463726043701172e-02
-3.472033739089965820e-01
-4.552546516060829163e-02
6.887710839509963989e-02
2.085749655961990356e-01
5.250400677323341370e-02
-2.460604459047317505e-01
-3.011661209166049957e-02
7.201162725687026978e-02
-2.302085459232330322e-01
-2.154033631086349487e-01
-2.663784623146057129e-01
-2.261999547481536865e-01
-1.192991510033607483e-01
-2.594119608402252197e-01
-2.275499999523162842e-01
-2.681258916854858398e-01
-4.918380081653594971e-01
-3.664496243000030518e-01
-1.382693648338317871e-02
-3.777831792831420898e-01
-2.407697215676307678e-02
-2.926855385303497314e-01
-1.825302392244338989e-01
-7.764175534248352051e-02
4.036864638328552246e-02
-5.514043569564819336e-02
-1.830215603113174438e-01
-1.015186402946710587e-02
-3.413648605346679688e-01
-3.344804793596267700e-02
9.155679494142532349e-02
-5.599816143512725830e-02
-4.465028643608093262e-01
-1.767321825027465820e-01
-3.124985694885253906e-01
-8.529014885425567627e-02
-3.717951774597167969e-01
-1.853862851858139038e-01
-4.284936189651489258e-01
-1.436141878366470337e-01
-5.487979575991630554e-02
-8.956393599510192871e-02
-2.591141462326049805e-01
4.019977524876594543e-02
-5.300873145461082458e-02
8.816674351692199707e-02
-2.650371491909027100e-01
-2.682599127292633057e-01
-1.757989525794982910e-01
8.578845113515853882e-02
-8.155575394630432129e-02
5.906720831990242004e-02
-2.565371990203857422e-01
-2.123627364635467529e-01
-2.595955431461334229e-01
4.520761966705322266e-02
-2.514185309410095215e-01
-2.257954925298690796e-01
-1.629063338041305542e-01
-2.487494498491287231e-01
1.686970330774784088e-02
-3.918544650077819824e-01
-1.282977014780044556e-01
-7.772934436798095703e-02
-1.173250153660774231e-01
-4.994576796889305115e-02
-1.050767377018928528e-01
-6.819756235927343369e-03
-3.563780784606933594e-01
-1.744699925184249878e-01
-1.738683693110942841e-02
-1.568488925695419312e-01
-1.861664205789566040e-01
1.976966559886932373e-01
-2.967640757560729980e-01
-2.464685589075088501e-01
-1.069806143641471863e-01
-2.281854450702667236e-01
-2.054989151656627655e-02
-8.389427512884140015e-02
-1.857950538396835327e-01
-3.707240819931030273e-01
3.087968528270721436e-01
-2.137448340654373169e-01
-5.912824417464435101e-04
-4.085571467876434326e-01
-3.444933891296386719e-01
-4.699389338493347168e-01
6.144709512591362000e-02
-3.868892788887023926e-01
-1.027887985110282898e-01
7.492427527904510498e-02
1.273525655269622803e-01
-1.077168956398963928e-01
-1.746799349784851074e-01
-9.791316092014312744e-02
7.739797979593276978e-02
2.033962160348892212e-01
-9.489249438047409058e-02
-2.860345244407653809e-01
-1.224249526858329773e-01
-4.223339855670928955e-01
-2.144403159618377686e-01
-2.421580851078033447e-01
-1.032115425914525986e-02
7.333737611770629883e-02
-1.300685703754425049e-01
-1.607021838426589966e-01
-1.604731194674968719e-02
-1.419167667627334595e-01
-2.588794827461242676e-01
-4.006964564323425293e-01
3.445100039243698120e-02
-1.045131310820579529e-01
-1.941629648208618164e-01
-2.012484818696975708e-01
2.425416111946105957e-01
1.570093333721160889e-01
-5.214679241180419922e-01
8.224622346460819244e-03
-5.056931823492050171e-02
-7.841246575117111206e-02
-2.046672999858856201e-01
-2.325058579444885254e-01
-3.977109789848327637e-01
-2.636190950870513916e-01
-1.054737269878387451e-01
-4.793228954076766968e-02
