2.822448611259460449e-01
3.055342845618724823e-02
3.263653442263603210e-02
1.067285239696502686e-01
2.066921591758728027e-01
1.527031958103179932e-01
6.130953505635261536e-02
1.852324046194553375e-02
1.281582415103912354e-01
2.234678268432617188e-01
-2.010061591863632202e-02
1.325197219848632812e-01
1.274337470531463623e-01
-5.556786432862281799e-02
-1.754122078418731689e-01
1.727640777826309204e-01
-3.771689161658287048e-02
1.173693984746932983e-01
-8.815529942512512207e-02
4.114733636379241943e-02
3.228526711463928223e-01
-2.076182514429092407e-02
1.145758405327796936e-01
1.102293059229850769e-01
7.421088963747024536e-02
1.451602857559919357e-02
8.812968432903289795e-02
-3.954854793846607208e-03
7.437954097986221313e-02
4.768294841051101685e-02
2.204245626926422119e-01
2.816261351108551025e-01
-9.184735268354415894e-02
3.846522420644760132e-02
-1.479362845420837402e-01
6.459739059209823608e-02
1.553949862718582153e-01
1.683066785335540771e-02
1.697389781475067139e-01
1.826355755329132080e-01
2.068214118480682373e-01
1.610657721757888794e-01
1.503133922815322876e-01
1.699808239936828613e-01
-5.363367870450019836e-02
1.533034741878509521e-01
1.679496914148330688e-01
1.426389068365097046e-01
1.625390648841857910e-01
1.386695653200149536e-01
1.390484422445297241e-01
-7.073277235031127930e-02
-4.641698300838470459e-02
3.269752860069274902e-02
1.459526717662811279e-01
2.338242977857589722e-01
9.088724851608276367e-02
1.920015178620815277e-02
-8.199947327375411987e-02
2.335941493511199951e-01
9.874704480171203613e-02
7.228932529687881470e-02
1.650367677211761475e-02
1.800404340028762817e-01
2.725207507610321045e-01
1.577578485012054443e-01
2.519546151161193848e-01
2.699944376945495605e-01
1.031709387898445129e-01
-1.297098491340875626e-02
6.831231527030467987e-03
1.409875750541687012e-01
1.592396199703216553e-01
1.674620956182479858e-01
2.419777363538742065e-01
-2.831497229635715485e-02
1.443280577659606934e-01
2.117521017789840698e-01
7.832976430654525757e-02
1.134058237075805664e-01
3.043932840228080750e-02
1.913109123706817627e-01
1.058662086725234985e-01
2.642438113689422607e-01
8.824297040700912476e-02
3.739855885505676270e-01
-1.618510670959949493e-02
7.462773472070693970e-02
1.284850090742111206e-01
2.784743346273899078e-02
1.595924943685531616e-01
1.219869852066040039e-01
-6.606631726026535034e-02
3.348175585269927979e-01
-1.900837570428848267e-02
1.864135414361953735e-01
2.001411169767379761e-01
-5.398370325565338135e-02
1.409519612789154053e-01
9.048987179994583130e-02
8.264753222465515137e-02
1.830798685550689697e-01
2.496003508567810059e-01
1.231482475996017456e-01
2.022029012441635132e-01
-1.025428697466850281e-01
1.008828878402709961e-01
2.521452307701110840e-01
3.692423179745674133e-02
1.743745654821395874e-01
1.129449605941772461e-01
1.533616930246353149e-01
9.312129765748977661e-02
-8.988822251558303833e-02
7.216347008943557739e-02
2.275445610284805298e-01
2.712866663932800293e-01
2.064619064331054688e-01
2.849362194538116455e-01
7.415950298309326172e-02
-3.980364277958869934e-02
2.507359385490417480e-01
-3.599771857261657715e-02
9.206194430589675903e-02
2.602303773164749146e-02
1.487668752670288086e-01
1.075882166624069214e-01
-7.716558128595352173e-02
1.685909181833267212e-01
1.814104318618774414e-01
2.128440737724304199e-01
-6.458885222673416138e-02
-9.772490710020065308e-02
2.506281435489654541e-02
3.460210189223289490e-02
1.523053348064422607e-01
1.143429726362228394e-01
5.969158560037612915e-02
8.199679851531982422e-02
2.072958089411258698e-02
-7.079102843999862671e-02
8.759344369173049927e-02
-1.088308393955230713e-01
2.301436215639114380e-01
3.645134866237640381e-01
1.224028095602989197e-01
3.854834288358688354e-02
-7.806988805532455444e-02
1.072545945644378662e-01
2.037723213434219360e-01
-7.627505809068679810e-02
5.746438726782798767e-02
1.503845304250717163e-01
2.323172390460968018e-01
3.719985485076904297e-02
2.383201718330383301e-01
1.013302206993103027e-01
1.502324193716049194e-01
2.298187166452407837e-01
1.011768579483032227e-01
1.522838324308395386e-01
-8.133562654256820679e-02
3.504855930805206299e-01
1.837802529335021973e-01
1.998521685600280762e-01
-5.670211743563413620e-03
1.992853134870529175e-01
-9.402413852512836456e-03
2.257183641195297241e-01
4.881866648793220520e-02
1.087566465139389038e-02
9.437696635723114014e-02
-4.136427491903305054e-02
1.709576547145843506e-01
3.210364580154418945e-01
-3.402665629982948303e-02
4.850998148322105408e-02
1.960034072399139404e-01
2.618568241596221924e-01
8.113593608140945435e-02
-4.503270238637924194e-02
2.672302722930908203e-01
1.910814046859741211e-01
7.594629377126693726e-02
3.051938116550445557e-01
4.954471066594123840e-02
-1.123651955276727676e-02
-4.286108911037445068e-02
5.809099413454532623e-03
4.030008614063262939e-02
2.080339044332504272e-01
1.196063086390495300e-01
2.723729014396667480e-01
2.743013761937618256e-02
2.584052383899688721e-01
1.425358355045318604e-01
1.361714005470275879e-01
2.046079933643341064e-02
1.281824521720409393e-02
9.808326512575149536e-02
6.705054547637701035e-03
2.986649274826049805e-01
3.334130942821502686e-01
-5.057621747255325317e-02
4.918818175792694092e-02
2.777987718582153320e-01
-5.970772728323936462e-02
1.350183933973312378e-01
1.088297273963689804e-02
1.308577805757522583e-01
7.837715744972229004e-02
7.251723110675811768e-02
1.796940267086029053e-01
3.243703544139862061e-01
3.982301801443099976e-02
6.896121799945831299e-02
1.496397107839584351e-01
-2.184044755995273590e-02
1.419027596712112427e-01
-9.701456129550933838e-02
1.171482130885124207e-01
5.743153765797615051e-02
1.524695903062820435e-01
1.680843532085418701e-01
2.069463431835174561e-01
6.964810192584991455e-02
3.238942027091979980e-01
-8.793535828590393066e-02
2.660668492317199707e-01
1.938646845519542694e-02
1.394269317388534546e-01
1.776402145624160767e-01
-1.121524497866630554e-01
2.228894680738449097e-01
-5.320179834961891174e-02
2.938311994075775146e-01
2.599742114543914795e-01
1.277387291193008423e-01
1.458874940872192383e-01
1.926529705524444580e-01
1.848759502172470093e-02
1.607041954994201660e-01
3.052387014031410217e-02
3.340522758662700653e-03
2.529952526092529297e-01
2.298222035169601440e-01
1.102987956255674362e-02
2.045862078666687012e-01
3.406497240066528320e-01
9.578992426395416260e-02
5.537760630249977112e-02
-5.475189536809921265e-02
9.532337635755538940e-02
-6.213950365781784058e-02
2.119316607713699341e-01
1.475465446710586548e-01
