3.796495715924293191e-02
5.697449386599962029e-02
2.700000000000000143e-03
2.700000000000000143e-03
2.014486486245212898e-02
9.301350964929828991e-02
3.277516991940975649e-02
2.700000000000000143e-03
2.700000000000000143e-03
2.700000000000000143e-03
1.972941123946209824e-02
1.025208948963191313e-01
3.210500387745259671e-02
2.700000000000000143e-03
2.700000000000000143e-03
4.774041799813323779e-03
2.700000000000000143e-03
2.700000000000000143e-03
2.700000000000000143e-03
2.700000000000000143e-03
2.700000000000000143e-03
2.700000000000000143e-03
3.107239294429376200e-03
7.774936747763582477e-03
1.688895109934143712e-02
2.700000000000000143e-03
3.769258831640754683e-03
2.700000000000000143e-03
2.700000000000000143e-03
2.700000000000000143e-03
2.700000000000000143e-03
2.839450830138200675e-03
3.465443024321609305e-03
7.456365379925765716e-03
1.639818164595433295e-02
7.595933451866555483e-03
4.827200819087839462e-03
1.519813481698763236e-01
8.909932503433728446e-01
3.947628837167662663e-01
8.731597693847247682e-03
7.328319349420906077e-03
1.113722455842135715e-02
1.373832292121991983e-01
1.103393968404996262e+00
4.546210563970796703e-01
7.872028765980761122e-03
7.716177904030006515e-03
1.783080972904400874e-01
3.613840035182988575e-03
1.037868054343625834e-01
1.246957653261768079e-01
5.351391327302566087e-02
4.213312286384431338e-01
1.588080254853183604e+00
1.399921771089295142e+01
6.915760244049766925e+01
1.000000000000000000e+02
1.163707042525012614e-01
6.151164245005312781e-01
1.520991008422611923e-01
1.557182521971966216e-01
6.112691732138743339e-02
4.581732583350353050e-01
1.901942280720513967e+00
1.364524633402305298e+01
6.661933791010454797e+01
1.000000000000000000e+02
5.042957008338483371e-01
4.956616667561851153e-01
