7.764321862311708393e-03
7.880785716681997996e-03
2.016405667972284287e-04
5.938826575044555724e-03
-3.965071578539836605e-01
8.989101905409307980e-01
-5.103675769974205245e-01
-8.595041575295224098e-03
2.487044057322297403e-03
1.641528917374404043e-03
-3.930272201208114824e-01
8.924068227303525447e-01
-5.089025826970542399e-01
-4.712675962923156513e-03
8.814640276095272835e-04
3.989246863648552958e-03
1.103006315594391024e-03
2.984798709974303410e-01
2.984444869481935325e-01
1.500380145525411990e+00
-1.265159778256070622e+00
-9.999635533394505282e-01
5.319444180910931196e-04
-9.963695722820389289e-01
-4.564352168611225278e-04
-2.157791353843735069e-04
-6.798604324815536205e-03
-3.017640998203075520e-01
-3.060306167369538088e-01
-1.496532229409055947e+00
1.272190446819803755e+00
9.986806216214146881e-01
6.101420098592442998e-03
9.916771397161123769e-01
-6.634166761677859391e-04
8.732367048338382390e-06
-1.862430733599852077e-03
-2.685204331036891018e-02
2.247221535379165247e-02
-1.790499993312639690e-03
-3.164151630937769508e-03
4.459379895405288403e-03
-5.881326848006561761e-03
4.836042372850689157e-03
-4.120903606220482213e-02
3.267183500799322737e-02
-2.506380415442791172e-03
2.596520620818471015e-03
1.690273587891980359e-02
1.644331422254460904e-04
4.411958005492300737e-03
7.014835320685113527e-03
-7.266235548781438056e-03
8.005861683723247040e-04
-1.023424493029906519e-02
4.724293438565083623e-03
2.855438405973024368e-02
2.807321016558241011e-02
-1.239971393435116602e-03
-1.559496166208840066e-02
1.241741659992359401e-02
-7.432746993034423412e-03
-4.999043670731845822e-03
1.152473168404865135e-03
6.516615663204274392e-03
4.243179385802701119e-03
-2.862637938133484952e-02
-3.840888659100584208e-03
2.726490652256849910e-03
5.932845851362743284e-03
