1.937277615070343018e-02
-2.850394323468208313e-02
1.387795526534318924e-02
-2.523238956928253174e-02
-2.747284993529319763e-02
-2.574233897030353546e-02
2.531623654067516327e-02
-3.571545705199241638e-02
-2.235871739685535431e-02
-3.270498476922512054e-03
5.532291252166032791e-04
-1.393735874444246292e-03
-3.834743425250053406e-02
1.489094365388154984e-02
1.025497075170278549e-02
-3.057973645627498627e-02
-1.617556810379028320e-02
3.681807592511177063e-02
-1.413663942366838455e-02
3.297836333513259888e-02
2.045236155390739441e-02
5.279724020510911942e-03
-2.473844215273857117e-02
-5.069034174084663391e-03
-1.389771420508623123e-02
6.279016844928264618e-03
-2.137621678411960602e-02
5.714863538742065430e-03
-2.275232225656509399e-02
-2.341753616929054260e-02
-7.882406003773212433e-03
3.410967066884040833e-02
1.415233127772808075e-03
-1.057130470871925354e-02
-4.629993066191673279e-02
-8.215884678065776825e-03
4.125335812568664551e-02
-1.083016674965620041e-02
-3.290599212050437927e-02
-8.925737813115119934e-03
-5.772860255092382431e-03
-3.797234222292900085e-02
-2.587264589965343475e-02
3.084215102717280388e-03
1.520039862953126431e-03
7.492411136627197266e-02
-1.540219876915216446e-02
1.492416020482778549e-02
1.831740513443946838e-02
2.835977263748645782e-02
5.077630747109651566e-03
1.395056024193763733e-02
-1.958993449807167053e-02
-1.256573013961315155e-02
1.544826547615230083e-03
2.281484939157962799e-02
2.763398550450801849e-02
4.226941987872123718e-02
1.626746170222759247e-02
5.916946567595005035e-03
-2.859347499907016754e-03
-1.464882027357816696e-02
1.745820976793766022e-02
-2.877881750464439392e-02
1.389816403388977051e-02
-2.593029290437698364e-03
-1.298128440976142883e-02
-1.549682673066854477e-02
1.765417121350765228e-02
1.422231551259756088e-02
-2.758361026644706726e-02
5.602700170129537582e-03
-1.528745237737894058e-02
3.704114118590950966e-03
2.204346936196088791e-03
1.117859408259391785e-02
-6.578570231795310974e-03
-2.034473605453968048e-02
-7.693926338106393814e-03
1.545856241136789322e-02
6.449452135711908340e-03
4.926025401800870895e-03
-6.726193241775035858e-03
1.969135366380214691e-02
5.003523547202348709e-03
-3.877049544826149940e-03
-1.887612859718501568e-03
2.262507192790508270e-02
-1.811898127198219299e-02
-5.049467552453279495e-03
-5.542286206036806107e-03
-1.435731537640094757e-03
-2.982263825833797455e-02
-5.197475198656320572e-03
-2.031065896153450012e-02
-4.823978058993816376e-03
2.031951583921909332e-02
-5.797016434371471405e-03
-2.655426040291786194e-03
1.826493255794048309e-02
1.987248845398426056e-02
-3.287890180945396423e-02
3.888315055519342422e-03
-2.351309359073638916e-02
-4.944640025496482849e-02
-3.863628488034009933e-03
-4.134412109851837158e-02
1.891145110130310059e-02
-1.683480478823184967e-02
-3.346857847645878792e-03
3.290175646543502808e-02
4.036669060587882996e-02
2.312107197940349579e-02
-2.018543705344200134e-02
-3.733143582940101624e-02
2.934943698346614838e-02
-6.558911409229040146e-03
-1.416781544685363770e-02
-9.707706980407238007e-03
-6.096562836319208145e-03
-2.195694670081138611e-02
-1.147328782826662064e-02
-2.834780886769294739e-02
1.429716590791940689e-02
6.478377617895603180e-03
-1.217878423631191254e-02
1.258194167166948318e-02
9.935313835740089417e-03
6.122979102656245232e-04
6.750582717359066010e-03
1.711943373084068298e-02
-5.140870437026023865e-02
-2.215877547860145569e-02
-4.762948956340551376e-03
-3.482064697891473770e-03
3.995496034622192383e-02
4.988280683755874634e-02
1.619455218315124512e-02
-1.273524668067693710e-02
-2.443567104637622833e-02
-2.374939806759357452e-02
2.539339940994977951e-03
-2.805934101343154907e-02
-4.776255693286657333e-03
-2.222282253205776215e-02
1.220147591084241867e-02
-2.618065290153026581e-02
-2.993711270391941071e-02
1.065364107489585876e-03
1.353010069578886032e-03
5.998902488499879837e-04
6.400252878665924072e-02
1.223403029143810272e-02
-2.504437696188688278e-03
-1.046841219067573547e-02
-1.275872439146041870e-02
-1.734578236937522888e-02
1.043467130511999130e-02
3.809334011748433113e-03
3.628974407911300659e-02
4.245861899107694626e-03
1.745336130261421204e-02
-4.786708205938339233e-02
-1.945620402693748474e-02
1.799112651497125626e-03
-7.062154472805559635e-04
-7.560194935649633408e-03
-2.599415183067321777e-02
-2.973682433366775513e-02
9.757506661117076874e-03
1.088727824389934540e-02
-3.287974279373884201e-03
3.636601567268371582e-02
-1.186720561236143112e-03
-4.247089475393295288e-02
-1.741373538970947266e-02
-2.229139767587184906e-02
1.084679737687110901e-03
-2.510748058557510376e-02
-1.589456573128700256e-02
1.821539178490638733e-02
3.365161828696727753e-03
3.062122873961925507e-02
-4.212014377117156982e-03
-6.943704094737768173e-03
-1.143041765317320824e-03
8.206048980355262756e-03
3.778012003749608994e-03
2.161501720547676086e-02
-3.259609686210751534e-03
2.027012594044208527e-02
2.072940394282341003e-02
1.033483911305665970e-02
-6.670893635600805283e-03
-3.142359852790832520e-02
-1.344108302146196365e-02
4.370715469121932983e-03
4.191339015960693359e-02
5.067569389939308167e-02
-8.802584372460842133e-03
1.181152649223804474e-02
-2.790138497948646545e-02
1.859431527554988861e-02
1.209318917244672775e-02
4.165216349065303802e-03
1.884311251342296600e-02
-7.381754461675882339e-03
2.131324633955955505e-02
-1.406836416572332382e-02
1.815202087163925171e-02
-1.116735953837633133e-02
-3.960949555039405823e-02
-6.582415662705898285e-03
2.045058878138661385e-03
-2.983544953167438507e-02
-6.232877727597951889e-03
-2.478345297276973724e-02
8.321321569383144379e-03
-1.011567283421754837e-02
-3.238581866025924683e-02
1.262025255709886551e-02
2.470816252753138542e-04
4.846588149666786194e-02
1.143222209066152573e-03
-1.177240512333810329e-03
3.433495014905929565e-02
-8.855411782860755920e-03
3.221976570785045624e-03
-1.520982477813959122e-02
3.958475310355424881e-03
-5.135107785463333130e-03
4.138965532183647156e-02
2.328792773187160492e-02
-1.006674952805042267e-02
1.350465137511491776e-02
3.796016424894332886e-02
3.009160980582237244e-02
-3.163360524922609329e-03
-2.924031019210815430e-02
2.136010862886905670e-02
2.593442797660827637e-02
-7.551088929176330566e-03
1.617565006017684937e-02
-9.376812726259231567e-03
-5.374744907021522522e-02
7.223016768693923950e-02
-1.336165610700845718e-02
5.174816027283668518e-02
2.177960984408855438e-02
-8.592605590820312500e-03
2.410356391919776797e-04
-6.005740724503993988e-04
3.505126386880874634e-02
4.962011007592082024e-05
3.425068408250808716e-02
-3.556988388299942017e-02
