4.985903855413198471e-03
-1.384559436701238155e-03
-2.275235578417778015e-02
8.535456843674182892e-03
-7.857975549995899200e-03
5.448390170931816101e-02
5.007344856858253479e-02
7.031703833490610123e-03
-3.035135380923748016e-02
-1.968722790479660034e-02
1.979547925293445587e-02
3.020962327718734741e-02
1.947465725243091583e-02
1.758722402155399323e-02
3.005449427291750908e-03
2.977486886084079742e-02
1.219259388744831085e-02
2.260169386863708496e-02
4.336576536297798157e-02
1.336366962641477585e-02
7.730957120656967163e-02
1.359033770859241486e-02
2.632583864033222198e-02
3.578718006610870361e-02
2.837976673617959023e-03
7.251882459968328476e-03
1.769022829830646515e-02
3.829479590058326721e-02
1.034887158311903477e-03
4.975995421409606934e-02
-1.180000510066747665e-02
3.102988377213478088e-02
9.390045888721942902e-03
-6.259949505329132080e-02
-1.675407402217388153e-02
6.334076821804046631e-02
7.443349808454513550e-03
2.169986255466938019e-02
3.490119054913520813e-02
4.912280663847923279e-02
-1.598001644015312195e-02
-9.997756220400333405e-03
-5.419717635959386826e-04
1.730295084416866302e-02
4.259027540683746338e-02
-5.261241458356380463e-03
2.137073688209056854e-02
-1.877640560269355774e-02
1.052394881844520569e-02
3.101890534162521362e-02
-5.884495098143815994e-03
-3.894023969769477844e-02
-8.845862001180648804e-03
-9.529997594654560089e-03
-3.436447121202945709e-03
1.669543236494064331e-02
-9.452185593545436859e-03
1.984818279743194580e-02
5.598398298025131226e-02
-2.530271373689174652e-02
-3.571075946092605591e-02
-2.923575695604085922e-03
3.941565379500389099e-02
5.209315940737724304e-02
8.020702749490737915e-03
5.986807867884635925e-02
6.521040201187133789e-02
4.304130561649799347e-03
2.968615852296352386e-02
4.727645311504602432e-03
2.188169397413730621e-02
1.734449900686740875e-02
5.611229687929153442e-02
1.999531500041484833e-02
5.810659378767013550e-02
6.849434226751327515e-02
-9.757429361343383789e-03
-1.039297133684158325e-02
2.091771457344293594e-03
5.473532713949680328e-03
5.496254563331604004e-02
-2.913917228579521179e-02
2.298115938901901245e-02
-1.214178930968046188e-02
3.876990405842661858e-03
2.391692623496055603e-02
5.199703574180603027e-02
4.882448911666870117e-02
2.389664016664028168e-02
1.879745861515402794e-03
9.700047783553600311e-03
-4.176695644855499268e-02
9.204685688018798828e-03
4.821212496608495712e-03
1.238389033824205399e-02
-2.922030724585056305e-02
-9.414119645953178406e-03
2.907588612288236618e-03
-9.542733314447104931e-04
-9.349161759018898010e-03
3.795263543725013733e-02
1.373357698321342468e-02
2.485037036240100861e-02
2.116996236145496368e-02
7.641389500349760056e-03
7.752063684165477753e-03
-4.304933920502662659e-02
6.441302597522735596e-02
-5.063605494797229767e-03
2.020526304841041565e-02
3.513472899794578552e-02
-1.870621927082538605e-02
3.538147360086441040e-02
3.678412409499287605e-03
2.905135042965412140e-02
5.647333338856697083e-02
2.746477909386157990e-02
4.802476614713668823e-02
7.100946456193923950e-02
5.577073432505130768e-03
-3.185671567916870117e-02
5.339973419904708862e-02
1.907587610185146332e-02
-4.152115434408187866e-03
1.872398704290390015e-02
1.778815872967243195e-02
-8.209799998439848423e-04
-1.277151051908731461e-03
1.195190101861953735e-02
1.899855956435203552e-02
-1.130424719303846359e-02
-2.771503292024135590e-02
-1.033483166247606277e-02
-1.763077080249786377e-02
2.677413076162338257e-02
3.295553103089332581e-02
-7.662653923034667969e-03
-6.856823805719614029e-03
6.333537749014794827e-04
4.011585842818021774e-03
-5.564726889133453369e-04
2.527694776654243469e-02
1.073315888643264771e-01
7.164752483367919922e-02
3.020596690475940704e-02
1.932321488857269287e-02
-3.728801757097244263e-02
3.481226041913032532e-02
5.381370708346366882e-02
1.028661895543336868e-02
3.664476424455642700e-02
-2.121599391102790833e-03
2.143706567585468292e-02
-4.015716537833213806e-02
-4.247516021132469177e-02
5.743740871548652649e-02
2.142712287604808807e-02
1.872286316938698292e-03
1.251941826194524765e-02
6.004948168992996216e-02
8.875470608472824097e-03
1.691907458007335663e-02
-6.222237832844257355e-03
-1.054882258176803589e-02
3.693383932113647461e-02
-3.164864145219326019e-03
3.397922217845916748e-02
-1.302582211792469025e-02
2.065107971429824829e-02
-1.562626799568533897e-03
2.117726579308509827e-02
-2.534336969256401062e-02
3.002012614160776138e-03
-3.602194041013717651e-02
1.835495978593826294e-02
-1.376738585531711578e-02
-4.126647021621465683e-03
1.693059690296649933e-02
5.086207017302513123e-02
-4.928867798298597336e-03
3.539761528372764587e-02
2.711202949285507202e-02
-4.289194010198116302e-03
2.517888788133859634e-05
4.847134277224540710e-02
-1.280119270086288452e-02
3.985885530710220337e-03
-3.032820997759699821e-03
6.289174780249595642e-03
7.108623534440994263e-02
1.742213033139705658e-02
1.273910515010356903e-02
2.140489034354686737e-02
-1.046375650912523270e-02
-2.213424304500222206e-03
1.022582575678825378e-01
-2.067241119220852852e-03
9.162689559161663055e-03
1.100482419133186340e-02
-2.431360073387622833e-02
-1.523033715784549713e-02
5.562602356076240540e-02
1.689819805324077606e-02
-8.075549267232418060e-03
5.696332082152366638e-04
-8.280351758003234863e-03
-2.197356335818767548e-02
-2.616043575108051300e-02
-4.988490417599678040e-02
-3.333363914862275124e-03
3.481502085924148560e-02
6.595543771982192993e-02
9.398390538990497589e-03
2.346046268939971924e-02
8.061034232378005981e-02
-2.103588543832302094e-02
1.382270175963640213e-02
-4.921050276607275009e-03
2.435542410239577293e-03
2.383383177220821381e-02
6.301221903413534164e-03
9.455964900553226471e-03
-1.843728870153427124e-02
-2.816639840602874756e-02
7.945597916841506958e-02
2.460066601634025574e-02
5.147451162338256836e-02
-1.622577384114265442e-02
1.347519457340240479e-02
2.065408043563365936e-02
1.511720754206180573e-02
5.320225842297077179e-03
3.045441955327987671e-02
1.086823735386133194e-02
-2.164038270711898804e-02
2.985106408596038818e-02
4.653283953666687012e-02
-1.513195317238569260e-02
4.722340032458305359e-02
4.175215959548950195e-03
5.848588794469833374e-02
-2.270877128466963768e-03
4.030242934823036194e-02
8.712354116141796112e-03
3.464102372527122498e-02
8.282017894089221954e-03
3.848015144467353821e-02
-1.490489859133958817e-02
7.301421370357275009e-03
4.121749475598335266e-02
2.461947314441204071e-02
-1.796017400920391083e-02
-2.875151671469211578e-02
-7.394192274659872055e-03
4.923435859382152557e-03
1.004750956781208515e-03
