3.561477959156036377e-01
4.070734381675720215e-01
-4.947719275951385498e-01
5.132472515106201172e-01
3.755809068679809570e-01
-5.158793330192565918e-01
3.574464023113250732e-01
-4.818910360336303711e-01
3.940110802650451660e-01
-1.431537866592407227e-01
-1.608679592609405518e-01
1.402142792940139771e-01
4.785023033618927002e-01
5.104755759239196777e-01
3.515551388263702393e-01
-4.842333793640136719e-01
2.929350137710571289e-01
2.254509478807449341e-01
5.686309337615966797e-01
5.562679171562194824e-01
3.625060915946960449e-01
-3.306570351123809814e-01
1.217781007289886475e-01
4.399276077747344971e-01
3.679287433624267578e-01
3.863262236118316650e-01
-4.706267416477203369e-01
-3.109248578548431396e-01
-3.338289856910705566e-01
5.347149968147277832e-01
-3.269449174404144287e-01
-5.359328389167785645e-01
4.009098410606384277e-01
-5.326081514358520508e-01
-2.069409340620040894e-01
-3.238391578197479248e-01
-4.379366636276245117e-01
5.544840097427368164e-01
-3.790465891361236572e-01
5.490280985832214355e-01
3.316918909549713135e-01
4.574511051177978516e-01
-3.660525977611541748e-01
-4.060501754283905029e-01
4.125593304634094238e-01
3.471207022666931152e-01
4.131670296192169189e-01
-5.151816606521606445e-01
2.981968522071838379e-01
3.665434420108795166e-01
2.967931032180786133e-01
5.112265944480895996e-01
5.437760949134826660e-01
5.318984389305114746e-01
3.653461933135986328e-01
4.774874150753021240e-01
3.930443823337554932e-01
4.906065165996551514e-01
4.449624419212341309e-01
-4.626887738704681396e-01
5.372813344001770020e-01
3.732004165649414062e-01
2.500184178352355957e-01
3.452911972999572754e-01
3.874376714229583740e-01
4.147756397724151611e-01
3.591341674327850342e-01
-3.894430696964263916e-01
3.246728479862213135e-01
3.970837295055389404e-01
2.920616865158081055e-01
2.287215292453765869e-01
5.205710530281066895e-01
4.620094597339630127e-01
3.819741904735565186e-01
4.964183866977691650e-01
1.568633615970611572e-01
5.588917732238769531e-01
-4.645389020442962646e-01
5.713161826133728027e-01
3.243153989315032959e-01
5.276733040809631348e-01
3.889141678810119629e-01
-4.035843312740325928e-01
2.957881987094879150e-01
-4.230475723743438721e-01
5.463989377021789551e-01
4.334582090377807617e-01
3.572682738304138184e-01
4.887145757675170898e-01
3.910362124443054199e-01
5.396950244903564453e-01
3.147743046283721924e-01
4.762304127216339111e-01
5.418985486030578613e-01
4.711955487728118896e-01
3.613321483135223389e-01
-3.058814406394958496e-01
3.299488872289657593e-02
3.797478973865509033e-01
5.422317385673522949e-01
3.169119954109191895e-01
3.043238520622253418e-01
3.281450271606445312e-01
-4.059208333492279053e-01
-5.546264648437500000e-01
-3.719430565834045410e-01
3.834696114063262939e-01
3.941725194454193115e-01
4.006695151329040527e-01
5.289093255996704102e-01
-1.129831746220588684e-01
4.636631309986114502e-01
2.536801993846893311e-01
-5.060665607452392578e-01
1.687120944261550903e-01
-1.421472132205963135e-01
4.657889604568481445e-01
-4.488689005374908447e-01
2.989746332168579102e-01
3.428008854389190674e-01
4.567628800868988037e-01
-4.501598477363586426e-01
-4.318701624870300293e-01
3.584097325801849365e-01
5.572651028633117676e-01
4.528555572032928467e-01
4.375562667846679688e-01
-4.230515956878662109e-01
4.335627257823944092e-01
4.017744064331054688e-01
3.769000172615051270e-01
-6.519365310668945312e-02
-1.108126714825630188e-01
5.669513940811157227e-01
3.806040883064270020e-01
4.758168160915374756e-01
-4.302692115306854248e-01
4.621196091175079346e-01
5.287157893180847168e-01
3.541297614574432373e-01
-5.308046340942382812e-01
5.385396480560302734e-01
4.834753274917602539e-01
5.302031636238098145e-01
4.567809104919433594e-01
3.904169797897338867e-01
-5.053201913833618164e-01
-4.913851916790008545e-01
3.522701561450958252e-01
-5.232423543930053711e-01
3.112375438213348389e-01
3.817096650600433350e-01
3.478190600872039795e-01
-4.302495718002319336e-01
-5.019059181213378906e-01
3.037495613098144531e-01
3.523781299591064453e-01
4.327995479106903076e-01
-3.749685883522033691e-01
4.566491246223449707e-01
3.629699349403381348e-01
5.223521590232849121e-01
-5.020262598991394043e-01
3.130452036857604980e-01
-4.764292836189270020e-01
-2.424381822347640991e-01
-2.667966187000274658e-01
5.459203124046325684e-01
-3.449325561523437500e-01
4.174178242683410645e-01
5.365207195281982422e-01
2.984276115894317627e-01
4.389702677726745605e-01
5.594593882560729980e-01
-4.092441797256469727e-01
-3.414463996887207031e-01
5.423063635826110840e-01
5.525844693183898926e-01
-3.633942008018493652e-01
4.313869476318359375e-01
3.894816339015960693e-01
-4.916853904724121094e-01
4.816084206104278564e-01
3.213046193122863770e-01
5.466126203536987305e-01
-4.105800092220306396e-01
3.887812495231628418e-01
-4.783675372600555420e-01
4.555205702781677246e-01
4.881178736686706543e-01
2.510801553726196289e-01
3.106648027896881104e-01
3.618628084659576416e-01
3.821599483489990234e-01
3.526361584663391113e-01
-3.138487339019775391e-01
4.790589809417724609e-01
3.219743967056274414e-01
2.755922973155975342e-01
5.095445513725280762e-01
4.732979834079742432e-01
-1.765967607498168945e-01
3.735061287879943848e-01
-2.431960403919219971e-01
-4.827306866645812988e-01
4.772941470146179199e-01
3.578981459140777588e-01
5.179564356803894043e-01
3.102915883064270020e-01
-4.259297847747802734e-01
1.460845861583948135e-02
3.829188346862792969e-01
-4.672692418098449707e-01
3.439373075962066650e-01
-2.562754042446613312e-02
-3.968384563922882080e-01
4.384477436542510986e-01
3.265479207038879395e-01
4.517102539539337158e-01
-3.310967385768890381e-01
4.894464612007141113e-01
-5.331068038940429688e-01
2.935470044612884521e-01
4.461523294448852539e-01
4.232776761054992676e-01
-5.985434651374816895e-01
-4.659109413623809814e-01
5.477933287620544434e-01
-4.245532155036926270e-01
4.008597731590270996e-01
4.525664150714874268e-01
3.359613716602325439e-01
4.279950261116027832e-01
5.392783284187316895e-01
-4.312932491302490234e-01
-5.190445780754089355e-01
-4.809301495552062988e-01
5.130094885826110840e-01
5.493259429931640625e-01
-5.032979249954223633e-01
3.843482211232185364e-02
4.069063067436218262e-01
5.502823591232299805e-01
3.422851860523223877e-01
5.584341883659362793e-01
4.539204835891723633e-01
3.545731604099273682e-01
4.894816577434539795e-01
4.473599791526794434e-01
3.516126871109008789e-01
5.624740719795227051e-01
5.261495709419250488e-01
4.371159970760345459e-01
-3.526233732700347900e-01
5.308457612991333008e-01
